"OrderDate","OrderDay","TotalReservation","WebCount","CallCenterCount","TotalMegaCount","WebMegaCount","CallCenterMegaCount","WebSuperCount","WebStarCount","AgentSuperCount","AgentStarCount","SuperCount","StarCount","BirthdayCount","FundraiserCount","OrganizationCount"
"5/24/2016","Tuesday",3,3,0,0,0,0,0,3,0,0,0,3,3,0,0
"5/23/2016","Monday",2260,1739,521,356,294,62,305,1049,62,294,367,1343,2066,23,171
"5/22/2016","Sunday",1594,1414,180,300,263,37,276,862,20,118,296,980,1576,0,18
"5/21/2016","Saturday",1552,1231,321,294,240,54,226,748,43,210,269,958,1521,3,28
"5/20/2016","Friday",2136,1588,548,343,255,88,334,965,67,328,401,1293,2037,15,84
"5/19/2016","Thursday",2358,1801,557,390,314,76,325,1088,78,314,403,1402,2195,22,141
"5/18/2016","Wednesday",2466,1847,619,405,333,72,340,1130,90,344,430,1474,2309,34,123
"5/17/2016","Tuesday",2529,1936,593,427,342,85,383,1142,79,323,462,1465,2354,15,160
"5/16/2016","Monday",2598,1957,641,416,331,85,368,1185,88,355,456,1540,2413,22,163
"5/15/2016","Sunday",1822,1516,306,354,296,58,297,907,40,197,337,1104,1795,0,27
"5/14/2016","Saturday",1626,1249,377,243,193,50,255,783,67,250,322,1033,1598,0,28
"5/13/2016","Friday",2210,1570,640,371,289,82,307,935,101,380,408,1315,2094,24,92
"5/12/2016","Thursday",2360,1680,680,375,270,105,323,1015,107,353,430,1368,2173,14,173
"5/11/2016","Wednesday",2489,1748,741,393,299,94,343,1022,119,376,462,1398,2253,58,178
"5/10/2016","Tuesday",2522,1799,723,423,326,97,337,1061,99,403,436,1464,2328,12,182
"5/9/2016","Monday",2541,1850,691,386,299,87,313,1189,103,388,416,1577,2379,27,135
"5/8/2016","Sunday",1198,978,220,196,162,34,188,614,38,142,226,756,1178,0,20
"5/7/2016","Saturday",1393,1057,336,250,179,71,226,644,53,209,279,853,1382,0,11
"5/6/2016","Friday",1975,1365,610,336,249,87,233,842,97,350,330,1192,1858,15,102
"5/5/2016","Thursday",2368,1754,614,395,314,81,342,1047,88,349,430,1396,2221,19,128
"5/4/2016","Wednesday",2583,1959,624,420,323,97,423,1157,96,337,519,1494,2433,20,130
"5/3/2016","Tuesday",2651,2022,629,422,340,82,382,1232,90,338,472,1570,2464,21,166
"5/2/2016","Monday",2797,2168,629,412,326,86,428,1344,80,379,508,1723,2643,14,140
"5/1/2016","Sunday",1882,1645,237,357,317,40,308,1007,39,150,347,1157,1861,2,19
"4/30/2016","Saturday",1746,1383,363,316,243,73,251,880,47,236,298,1116,1730,0,16
"4/29/2016","Friday",2301,1755,546,396,317,79,370,1030,67,332,437,1362,2196,14,91
"4/28/2016","Thursday",2442,1862,580,384,306,78,356,1138,84,322,440,1460,2287,23,132
"4/27/2016","Wednesday",2464,1855,609,381,292,89,360,1132,88,325,448,1457,2286,35,143
"4/26/2016","Tuesday",2444,1855,589,344,282,62,389,1104,91,343,480,1447,2271,22,151
"4/25/2016","Monday",2651,2012,639,383,304,79,386,1244,81,366,467,1610,2460,44,147
"4/24/2016","Sunday",1787,1538,249,330,287,43,317,926,37,161,354,1087,1771,1,15
"4/23/2016","Saturday",1583,1274,309,288,232,56,255,779,47,196,302,975,1566,0,17
"4/22/2016","Friday",2274,1765,509,383,312,71,351,1054,79,289,430,1343,2156,13,105
"4/21/2016","Thursday",2372,1761,611,347,259,88,352,1104,95,355,447,1459,2256,23,93
"4/20/2016","Wednesday",2280,1564,716,365,274,91,316,925,94,409,410,1334,2109,34,137
"4/19/2016","Tuesday",2904,2240,664,461,375,86,445,1324,102,333,547,1657,2668,45,191
"4/18/2016","Monday",2869,2192,677,438,341,97,418,1348,93,375,511,1723,2676,44,149
"4/17/2016","Sunday",1966,1662,304,320,279,41,307,1060,46,207,353,1267,1940,0,26
"4/16/2016","Saturday",2032,1636,396,337,286,51,317,1026,74,265,391,1291,2019,2,11
"4/15/2016","Friday",2595,1857,738,409,312,97,371,1154,103,474,474,1628,2513,28,54
"4/14/2016","Thursday",2329,1453,876,346,233,113,293,885,122,544,415,1429,2191,21,117
"4/13/2016","Wednesday",2224,1621,603,320,254,66,324,988,95,351,419,1339,2078,36,110
"4/12/2016","Tuesday",2152,1547,605,311,237,74,271,969,75,341,346,1310,1967,38,147
"4/11/2016","Monday",2326,1667,659,326,250,76,287,1058,75,407,362,1465,2153,29,144
"4/10/2016","Sunday",1627,1362,265,257,226,31,255,878,41,189,296,1067,1620,0,7
"4/9/2016","Saturday",1676,1328,348,280,239,41,240,842,54,250,294,1092,1666,0,10
"4/8/2016","Friday",2077,1486,591,313,237,76,258,946,75,373,333,1319,1965,26,86
"4/7/2016","Thursday",2345,1748,597,335,248,87,345,1105,86,340,431,1445,2211,29,105
"4/6/2016","Wednesday",2337,1709,628,326,243,83,297,1112,78,380,375,1492,2193,28,116
"4/5/2016","Tuesday",2375,1745,630,318,251,67,292,1132,77,399,369,1531,2218,35,122
"4/4/2016","Monday",2464,1850,614,344,271,73,336,1182,69,375,405,1557,2306,35,123
"4/3/2016","Sunday",1667,1368,299,228,191,37,254,916,33,227,287,1143,1658,0,9
"4/2/2016","Saturday",1661,1290,371,247,197,50,232,850,65,251,297,1101,1645,2,14
"4/1/2016","Friday",2142,1557,585,327,253,74,270,975,70,365,340,1340,2007,23,112
"3/31/2016","Thursday",2017,1429,588,296,221,75,252,903,55,363,307,1266,1868,27,122
"3/30/2016","Wednesday",1916,1384,532,269,203,66,239,868,60,328,299,1196,1763,23,130
"3/29/2016","Tuesday",1935,1400,535,242,189,53,250,900,58,340,308,1240,1790,19,126
"3/28/2016","Monday",1988,1490,498,271,212,59,241,984,69,306,310,1290,1871,25,92
"3/27/2016","Sunday",830,718,112,145,126,19,127,461,13,79,140,540,825,0,5
"3/26/2016","Saturday",986,745,241,153,127,26,131,483,37,176,168,659,980,0,6
"3/25/2016","Friday",1515,1094,421,219,167,52,173,733,49,269,222,1002,1443,35,37
"3/24/2016","Thursday",1596,1132,464,244,181,63,197,713,54,297,251,1010,1505,19,72
"3/23/2016","Wednesday",1860,1293,567,257,195,62,207,840,62,340,269,1180,1706,39,115
"3/22/2016","Tuesday",1805,1279,526,267,199,68,229,792,81,304,310,1096,1673,13,119
"3/21/2016","Monday",1980,1419,561,264,202,62,223,949,60,348,283,1297,1844,32,104
"3/20/2016","Sunday",1463,1210,253,218,181,37,221,798,39,171,260,969,1447,0,16
"3/19/2016","Saturday",1425,1082,343,240,193,47,196,684,46,247,242,931,1413,2,10
"3/18/2016","Friday",1935,1374,561,289,209,80,248,886,61,371,309,1257,1855,21,59
"3/17/2016","Thursday",1984,1378,606,287,228,59,253,858,97,386,350,1244,1882,25,77
"3/16/2016","Wednesday",2109,1513,596,306,231,75,261,950,90,369,351,1319,1976,15,118
"3/15/2016","Tuesday",2250,1603,647,339,264,75,244,1044,83,411,327,1455,2121,30,99
"3/14/2016","Monday",2310,1652,658,309,225,84,291,1076,72,431,363,1507,2179,35,96
"3/13/2016","Sunday",1725,1366,359,270,230,40,223,904,52,264,275,1168,1713,1,11
"3/12/2016","Saturday",1715,1288,427,235,176,59,222,887,49,312,271,1199,1705,2,8
"3/11/2016","Friday",2132,1520,612,312,234,78,254,985,82,404,336,1389,2037,24,71
"3/10/2016","Thursday",2361,1647,714,335,264,71,306,1024,85,464,391,1488,2213,37,111
"3/9/2016","Wednesday",2418,1728,690,378,293,85,271,1100,99,405,370,1505,2253,42,123
"3/8/2016","Tuesday",2524,1794,730,351,254,97,308,1169,75,447,383,1616,2350,63,111
"3/7/2016","Monday",2632,1943,689,351,271,80,349,1276,95,448,444,1724,2519,33,80
"3/6/2016","Sunday",1930,1564,366,313,238,75,293,1026,45,242,338,1268,1919,0,11
"3/5/2016","Saturday",2027,1549,478,327,268,59,287,989,64,346,351,1335,2013,1,13
"3/4/2016","Friday",2458,1762,696,396,304,92,324,1086,88,467,412,1553,2360,26,72
"3/3/2016","Thursday",2816,2030,786,436,321,115,350,1302,96,502,446,1804,2686,35,95
"3/2/2016","Wednesday",2984,2129,855,451,317,134,366,1388,110,530,476,1918,2846,29,109
"3/1/2016","Tuesday",2936,2160,776,412,315,97,366,1410,95,497,461,1907,2779,44,113
"2/29/2016","Monday",2728,1962,766,376,279,97,343,1287,88,516,431,1803,2610,32,86
"2/28/2016","Sunday",1867,1532,335,279,235,44,276,1011,52,238,328,1249,1856,0,11
"2/27/2016","Saturday",1778,1365,413,295,239,56,253,863,63,291,316,1154,1765,0,13
"2/26/2016","Friday",2172,1592,580,324,266,58,294,997,73,402,367,1399,2090,24,58
"2/25/2016","Thursday",2553,1763,790,383,273,110,292,1158,95,509,387,1667,2437,42,74
"2/24/2016","Wednesday",3108,1877,1231,416,327,89,299,1194,65,466,364,1660,2441,562,105
"2/23/2016","Tuesday",2582,1880,702,356,271,85,362,1206,97,457,459,1663,2478,31,73
"2/22/2016","Monday",2819,2017,802,399,306,93,357,1300,105,522,462,1822,2683,49,87
"2/21/2016","Sunday",1915,1554,361,268,230,38,298,1015,59,257,357,1272,1897,3,15
"2/20/2016","Saturday",1977,1489,488,316,244,72,295,948,72,333,367,1281,1964,2,11
"2/19/2016","Friday",2420,1689,731,389,282,107,307,1068,101,456,408,1524,2321,35,64
"2/18/2016","Thursday",2853,2044,809,427,327,100,399,1274,117,503,516,1777,2720,40,93
"2/17/2016","Wednesday",2737,1910,827,389,291,98,359,1213,97,533,456,1746,2591,64,82
"2/16/2016","Tuesday",2624,1877,747,402,305,97,341,1196,98,493,439,1689,2530,29,65
"2/15/2016","Monday",2626,1913,713,400,300,100,343,1243,97,475,440,1718,2558,25,43
"2/14/2016","Sunday",1786,1437,349,295,234,61,260,929,57,223,317,1152,1764,1,21
"2/13/2016","Saturday",2070,1580,490,346,272,74,299,1006,77,335,376,1341,2063,3,4
"2/12/2016","Friday",2667,1948,719,413,323,90,363,1236,96,497,459,1733,2605,22,40
"2/11/2016","Thursday",3086,2185,901,490,392,98,377,1380,118,612,495,1992,2977,36,73
"2/10/2016","Wednesday",3430,2488,942,544,412,132,467,1561,132,594,599,2155,3298,52,80
"2/9/2016","Tuesday",2845,2060,785,413,325,88,396,1305,113,497,509,1802,2724,59,62
"2/8/2016","Monday",2862,2058,804,421,334,87,392,1290,115,524,507,1814,2742,57,63
"2/7/2016","Sunday",1807,1444,363,296,253,43,272,910,50,266,322,1176,1794,0,13
"2/6/2016","Saturday",2168,1681,487,360,302,58,318,1057,54,371,372,1428,2160,3,5
"2/5/2016","Friday",2552,1881,671,356,284,72,372,1197,96,443,468,1640,2464,36,52
"2/4/2016","Thursday",2737,1913,824,416,325,91,338,1208,106,563,444,1771,2632,30,75
"2/3/2016","Wednesday",2908,2066,842,440,327,113,357,1333,115,537,472,1870,2782,54,72
"2/2/2016","Tuesday",2811,2006,805,405,318,87,374,1265,95,541,469,1806,2679,58,74
"2/1/2016","Monday",2821,2037,784,389,298,91,347,1358,108,525,455,1883,2727,45,49
"1/31/2016","Sunday",1991,1627,364,307,256,51,298,1065,51,259,349,1324,1980,1,10
"1/30/2016","Saturday",2039,1575,464,322,253,69,282,1026,76,318,358,1344,2024,0,15
"1/29/2016","Friday",2466,1813,653,375,300,75,321,1171,75,455,396,1626,2397,31,38
"1/28/2016","Thursday",2532,1768,764,329,255,74,327,1155,81,539,408,1694,2431,38,63
"1/27/2016","Wednesday",2564,1851,713,355,279,76,360,1176,107,465,467,1641,2463,40,61
"1/26/2016","Tuesday",2423,1673,750,310,229,81,325,1089,101,487,426,1576,2312,56,55
"1/25/2016","Monday",2480,1828,652,347,274,73,312,1218,74,448,386,1666,2399,34,47
"1/24/2016","Sunday",1927,1570,357,260,217,43,301,1041,42,270,343,1311,1914,0,13
"1/23/2016","Saturday",1960,1564,396,272,226,46,286,1044,71,278,357,1322,1951,0,9
"1/22/2016","Friday",2393,1751,642,338,262,76,329,1143,80,444,409,1587,2334,31,28
"1/21/2016","Thursday",2581,1854,727,344,256,88,345,1224,85,503,430,1727,2501,35,45
"1/20/2016","Wednesday",2686,1915,771,383,279,104,346,1263,97,493,443,1756,2582,51,53
"1/19/2016","Tuesday",2693,1949,744,338,263,75,361,1304,97,487,458,1791,2587,63,43
"1/18/2016","Monday",2738,2003,735,354,275,79,384,1327,89,533,473,1860,2687,21,30
"1/17/2016","Sunday",2221,1818,403,322,272,50,322,1212,58,290,380,1502,2204,0,17
"1/16/2016","Saturday",2524,1963,561,355,300,55,331,1325,90,411,421,1736,2512,1,11
"1/15/2016","Friday",3281,2408,873,446,348,98,455,1584,127,581,582,2165,3193,49,39
"1/14/2016","Thursday",3275,2345,930,449,351,98,410,1552,108,633,518,2185,3152,72,51
"1/13/2016","Wednesday",3114,2201,913,417,310,107,359,1502,105,610,464,2112,2993,66,55
"1/12/2016","Tuesday",3309,2372,937,399,312,87,455,1567,113,629,568,2196,3162,85,62
"1/11/2016","Monday",3472,2524,948,491,368,123,469,1666,130,603,599,2269,3359,60,53
"1/10/2016","Sunday",2747,2255,492,418,360,58,432,1456,72,360,504,1816,2738,2,7
"1/9/2016","Saturday",2772,2125,647,381,300,81,393,1426,81,481,474,1907,2762,2,8
"1/8/2016","Friday",3524,2561,963,491,365,126,496,1671,129,652,625,2323,3439,35,50
"1/7/2016","Thursday",3565,2643,922,488,388,100,493,1743,130,625,623,2368,3479,45,41
"1/6/2016","Wednesday",3594,2624,970,440,334,106,480,1785,105,686,585,2471,3496,50,48
"1/5/2016","Tuesday",3777,2815,962,504,394,110,512,1870,133,638,645,2508,3656,58,63
"1/4/2016","Monday",3621,2693,928,477,376,101,480,1811,120,657,600,2468,3545,40,36
"1/3/2016","Sunday",2796,2286,510,412,343,69,469,1465,81,358,550,1823,2785,1,10
"1/2/2016","Saturday",2729,2043,686,404,323,81,379,1336,91,512,470,1848,2722,0,7
"1/1/2016","Friday",2028,1740,288,317,275,42,328,1133,45,198,373,1331,2021,3,4
"12/31/2015","Thursday",1823,1568,255,283,247,36,301,1010,38,176,339,1186,1808,3,12
"12/30/2015","Wednesday",2236,1648,588,321,246,75,305,1081,72,424,377,1505,2203,15,18
"12/29/2015","Tuesday",2287,1718,569,307,249,58,310,1131,79,408,389,1539,2235,18,34
"12/28/2015","Monday",2300,1758,542,318,260,58,300,1162,61,375,361,1537,2216,22,62
"12/27/2015","Sunday",1562,1300,262,245,206,39,210,875,32,190,242,1065,1552,0,10
"12/26/2015","Saturday",1537,1109,428,205,166,39,231,710,81,307,312,1017,1534,0,3
"12/25/2015","Friday",451,451,0,88,88,0,77,284,0,0,77,284,449,0,2
"12/24/2015","Thursday",628,478,150,97,80,17,96,299,17,112,113,411,621,2,5
"12/23/2015","Wednesday",981,701,280,136,102,34,134,455,48,189,182,644,962,4,15
"12/22/2015","Tuesday",1133,760,373,154,102,52,146,494,52,241,198,735,1087,15,31
"12/21/2015","Monday",1280,909,371,151,119,32,178,586,49,244,227,830,1208,27,45
"12/20/2015","Sunday",999,749,250,140,114,26,146,475,40,177,186,652,977,0,22
"12/19/2015","Saturday",1043,732,311,141,111,30,138,476,39,240,177,716,1034,0,9
"12/18/2015","Friday",1390,915,475,181,125,56,170,609,65,328,235,937,1353,19,18
"12/17/2015","Thursday",1585,1072,513,205,141,64,196,714,62,346,258,1060,1523,22,40
"12/16/2015","Wednesday",1709,1143,566,221,155,66,222,735,71,388,293,1123,1637,18,54
"12/15/2015","Tuesday",1694,1203,491,207,156,51,217,791,58,325,275,1116,1598,36,60
"12/14/2015","Monday",1793,1204,589,203,139,64,228,799,81,386,309,1185,1697,28,68
"12/13/2015","Sunday",1297,988,309,176,141,35,190,645,41,228,231,873,1281,0,16
"12/12/2015","Saturday",1342,966,376,188,139,49,178,637,41,281,219,918,1325,2,15
"12/11/2015","Friday",1691,1153,538,230,171,59,203,766,73,367,276,1133,1638,19,34
"12/10/2015","Thursday",1857,1226,631,241,171,70,217,809,88,431,305,1240,1786,22,49
"12/9/2015","Wednesday",1970,1300,670,260,170,90,240,855,105,420,345,1275,1880,35,55
"12/8/2015","Tuesday",2052,1358,694,263,184,79,246,884,94,462,340,1346,1948,34,70
"12/7/2015","Monday",2314,1589,725,324,237,87,287,1011,104,457,391,1468,2181,49,84
"12/6/2015","Sunday",1588,1213,375,210,163,47,241,797,58,252,299,1049,1558,12,18
"12/5/2015","Saturday",1621,1161,460,237,191,46,206,752,53,359,259,1111,1607,0,14
"12/4/2015","Friday",2266,1487,779,293,190,103,296,983,88,544,384,1527,2204,28,34
"12/3/2015","Thursday",2367,1518,849,276,191,85,286,1011,101,603,387,1614,2277,24,66
"12/2/2015","Wednesday",2489,1709,780,336,243,93,310,1116,96,542,406,1658,2400,21,68
"12/1/2015","Tuesday",2633,1787,846,340,237,103,348,1154,106,571,454,1725,2519,34,80
"11/30/2015","Monday",2430,1687,743,310,215,95,297,1136,70,508,367,1644,2321,18,91
"11/29/2015","Sunday",1771,1360,411,220,178,42,251,917,50,298,301,1215,1736,16,19
"11/28/2015","Saturday",1616,1191,425,201,154,47,234,790,70,304,304,1094,1599,1,16
"11/27/2015","Friday",1637,1119,518,220,159,61,211,736,67,381,278,1117,1615,5,17
"11/26/2015","Thursday",562,562,0,81,81,0,101,375,0,0,101,375,557,0,5
"11/25/2015","Wednesday",1396,958,438,154,113,41,195,627,53,315,248,942,1344,19,33
"11/24/2015","Tuesday",1692,1126,566,214,147,67,184,772,59,386,243,1158,1615,37,40
"11/23/2015","Monday",1884,1248,636,234,175,59,225,812,93,447,318,1259,1811,20,53
"11/22/2015","Sunday",1565,1219,346,226,178,48,221,803,50,244,271,1047,1544,0,21
"11/21/2015","Saturday",1602,1174,428,199,155,44,221,786,58,312,279,1098,1576,4,22
"11/20/2015","Friday",2180,1492,688,291,214,77,290,964,88,471,378,1435,2104,30,46
"11/19/2015","Thursday",2228,1525,703,263,184,79,257,1046,85,478,342,1524,2129,34,65
"11/18/2015","Wednesday",2413,1654,759,313,228,85,280,1092,112,497,392,1589,2294,35,84
"11/17/2015","Tuesday",2294,1551,743,280,210,70,268,1033,84,517,352,1550,2182,36,76
"11/16/2015","Monday",2522,1753,769,291,212,79,354,1120,90,541,444,1661,2396,22,104
"11/15/2015","Sunday",1837,1443,394,232,183,49,270,968,54,285,324,1253,1809,3,25
"11/14/2015","Saturday",2048,1463,585,283,202,81,277,962,82,410,359,1372,2014,3,31
"11/13/2015","Friday",2418,1684,734,323,244,79,293,1117,99,506,392,1623,2338,22,58
"11/12/2015","Thursday",2487,1661,826,316,224,92,285,1107,123,544,408,1651,2375,47,65
"11/11/2015","Wednesday",2484,1686,798,302,209,93,312,1119,109,559,421,1678,2401,15,68
"11/10/2015","Tuesday",2591,1792,799,335,249,86,295,1193,88,560,383,1753,2471,30,90
"11/9/2015","Monday",2758,1864,894,300,218,82,348,1247,122,615,470,1862,2632,36,90
"11/8/2015","Sunday",2027,1559,468,280,230,50,285,1026,77,335,362,1361,2003,0,24
"11/7/2015","Saturday",2218,1565,653,277,203,74,280,1059,85,481,365,1540,2182,0,36
"11/6/2015","Friday",2618,1772,846,307,223,84,351,1173,100,598,451,1771,2529,44,45
"11/5/2015","Thursday",2725,1949,776,309,230,79,381,1285,98,551,479,1836,2624,26,75
"11/4/2015","Wednesday",2805,1908,897,353,257,96,380,1227,102,618,482,1845,2680,49,76
"11/3/2015","Tuesday",2727,1953,774,316,237,79,350,1329,111,535,461,1864,2641,23,63
"11/2/2015","Monday",2904,2065,839,313,241,72,342,1427,109,592,451,2019,2783,44,77
"11/1/2015","Sunday",2081,1664,417,245,205,40,279,1157,70,293,349,1450,2044,5,32
"10/31/2015","Saturday",1366,1025,341,200,147,53,203,665,36,247,239,912,1351,0,15
"10/30/2015","Friday",1718,1171,547,223,167,56,231,760,66,388,297,1148,1668,18,32
"10/29/2015","Thursday",1857,1248,609,242,168,74,227,830,58,431,285,1261,1788,24,45
"10/28/2015","Wednesday",1985,1322,663,239,182,57,213,886,70,488,283,1374,1896,29,60
"10/27/2015","Tuesday",2046,1417,629,227,157,70,231,979,73,431,304,1410,1941,36,69
"10/26/2015","Monday",2188,1438,750,261,176,85,232,998,83,484,315,1482,2058,53,77
"10/25/2015","Sunday",1613,1272,341,223,174,49,215,871,47,236,262,1107,1592,0,21
"10/24/2015","Saturday",1528,1113,415,207,151,56,195,751,62,292,257,1043,1507,0,21
"10/23/2015","Friday",2019,1356,663,245,170,75,250,905,89,455,339,1360,1944,34,41
"10/22/2015","Thursday",2078,1375,703,257,176,81,256,918,86,458,342,1376,1975,60,43
"10/21/2015","Wednesday",2149,1449,700,276,188,88,262,976,80,486,342,1462,2080,31,38
"10/20/2015","Tuesday",2137,1440,697,281,205,76,257,946,75,477,332,1423,2036,53,48
"10/19/2015","Monday",2303,1580,723,291,212,79,286,1048,97,498,383,1546,2220,29,54
"10/18/2015","Sunday",1605,1243,362,233,195,38,211,832,50,272,261,1104,1598,2,5
"10/17/2015","Saturday",1523,1104,419,229,174,55,191,729,72,286,263,1015,1507,2,14
"10/16/2015","Friday",2151,1511,640,267,199,68,283,1010,87,432,370,1442,2079,44,28
"10/15/2015","Thursday",2260,1549,711,299,222,77,256,1042,90,500,346,1542,2187,33,40
"10/14/2015","Wednesday",2223,1498,725,295,205,90,264,1007,85,502,349,1509,2153,40,30
"10/13/2015","Tuesday",2243,1516,727,295,208,87,276,997,75,508,351,1505,2151,46,46
"10/12/2015","Monday",2286,1560,726,259,181,78,281,1071,95,487,376,1558,2193,50,43
"10/11/2015","Sunday",1666,1289,377,207,171,36,221,881,56,279,277,1160,1644,0,22
"10/10/2015","Saturday",1747,1248,499,261,195,66,225,817,65,363,290,1180,1731,3,13
"10/9/2015","Friday",2353,1622,731,296,217,79,314,1077,93,530,407,1607,2310,22,21
"10/8/2015","Thursday",2392,1616,776,309,232,77,317,1043,102,542,419,1585,2313,44,35
"10/7/2015","Wednesday",2448,1655,793,290,211,79,338,1080,95,534,433,1614,2337,71,40
"10/6/2015","Tuesday",2505,1707,798,334,245,89,316,1125,102,555,418,1680,2432,40,33
"10/5/2015","Monday",2623,1830,793,297,228,69,345,1239,102,554,447,1793,2537,54,32
"10/4/2015","Sunday",1966,1506,460,258,181,77,298,1016,60,319,358,1335,1951,3,12
"10/3/2015","Saturday",1960,1419,541,264,194,70,279,938,60,403,339,1341,1944,3,13
"10/2/2015","Friday",2500,1699,801,367,266,101,307,1104,104,561,411,1665,2443,31,26
"10/1/2015","Thursday",2505,1735,770,348,260,88,306,1153,95,542,401,1695,2444,37,24
"9/30/2015","Wednesday",2394,1612,782,350,240,110,310,1042,87,513,397,1555,2302,54,38
"9/29/2015","Tuesday",2285,1566,719,335,235,100,288,1030,100,454,388,1484,2207,51,27
"9/28/2015","Monday",2226,1485,741,312,229,83,271,967,91,507,362,1474,2148,46,32
"9/27/2015","Sunday",1549,1182,367,224,178,46,205,793,54,261,259,1054,1537,3,9
"9/26/2015","Saturday",1603,1135,468,217,156,61,209,767,71,329,280,1096,1593,6,4
"9/25/2015","Friday",2098,1339,759,300,200,100,279,848,95,508,374,1356,2030,48,20
"9/24/2015","Thursday",2170,1432,738,313,223,90,278,915,75,509,353,1424,2090,55,25
"9/23/2015","Wednesday",2157,1411,746,280,194,86,288,915,111,501,399,1416,2095,40,22
"9/22/2015","Tuesday",2214,1459,755,282,190,92,286,957,95,483,381,1440,2103,75,36
"9/21/2015","Monday",2305,1543,762,317,232,85,249,1040,83,528,332,1568,2217,53,35
"9/20/2015","Sunday",1666,1264,402,223,176,47,242,840,58,295,300,1135,1658,0,8
"9/19/2015","Saturday",1630,1146,484,221,169,52,213,763,59,368,272,1131,1624,4,2
"9/18/2015","Friday",2301,1538,763,351,258,93,293,982,98,514,391,1496,2238,53,10
"9/17/2015","Thursday",2314,1529,785,317,231,86,295,988,114,518,409,1506,2232,55,27
"9/16/2015","Wednesday",2363,1558,805,329,233,96,281,1033,101,543,382,1576,2287,59,17
"9/15/2015","Tuesday",2332,1515,817,309,214,95,258,1026,110,557,368,1583,2260,44,28
"9/14/2015","Monday",2479,1655,824,339,239,100,301,1102,115,539,416,1641,2396,63,20
"9/13/2015","Sunday",1818,1413,405,273,218,55,278,909,64,281,342,1190,1805,1,12
"9/12/2015","Saturday",1858,1313,545,264,199,65,251,855,79,387,330,1242,1836,9,13
"9/11/2015","Friday",2459,1664,795,337,243,94,302,1107,95,543,397,1650,2384,53,22
"9/10/2015","Thursday",2465,1664,801,319,231,88,321,1096,94,527,415,1623,2357,81,27
"9/9/2015","Wednesday",2476,1643,833,302,220,82,314,1096,93,571,407,1667,2376,81,19
"9/8/2015","Tuesday",2254,1526,728,316,231,85,284,1000,68,509,352,1509,2177,58,19
"9/7/2015","Monday",1731,1257,474,215,162,53,230,862,68,315,298,1177,1690,19,22
"9/6/2015","Sunday",1356,1025,331,187,135,52,221,666,56,221,277,887,1351,1,4
"9/5/2015","Saturday",1669,1191,478,257,196,61,222,770,76,331,298,1101,1656,8,5
"9/4/2015","Friday",2163,1449,714,288,218,70,283,939,88,494,371,1433,2092,59,12
"9/3/2015","Thursday",2251,1484,767,345,253,92,323,894,117,482,440,1376,2161,70,20
"9/2/2015","Wednesday",2288,1510,778,311,220,91,266,1009,98,495,364,1504,2179,81,28
"9/1/2015","Tuesday",2377,1557,820,335,244,91,314,981,88,541,402,1522,2259,85,33
"8/31/2015","Monday",2124,1450,674,308,223,85,272,934,83,436,355,1370,2033,61,30
"8/30/2015","Sunday",1449,1124,325,227,177,50,222,717,50,224,272,941,1440,1,8
"8/29/2015","Saturday",1431,1040,391,210,159,51,201,678,49,282,250,960,1420,8,3
"8/28/2015","Friday",1887,1268,619,304,197,107,275,791,77,397,352,1188,1844,32,11
"8/27/2015","Thursday",1940,1258,682,274,194,80,225,827,92,425,317,1252,1843,70,27
"8/26/2015","Wednesday",1804,1198,606,257,189,68,231,761,87,386,318,1147,1722,53,29
"8/25/2015","Tuesday",1882,1225,657,262,185,77,256,766,86,393,342,1159,1763,86,33
"8/24/2015","Monday",1885,1253,632,290,222,68,225,785,74,422,299,1207,1796,55,34
"8/23/2015","Sunday",1261,955,306,198,158,40,165,626,41,219,206,845,1249,5,7
"8/22/2015","Saturday",1420,1011,409,186,139,47,168,695,59,296,227,991,1404,5,11
"8/21/2015","Friday",1861,1215,646,267,175,92,219,812,92,386,311,1198,1776,72,13
"8/20/2015","Thursday",1738,1293,445,260,203,57,257,812,64,267,321,1079,1660,48,30
"8/19/2015","Wednesday",1829,1191,638,261,195,66,196,779,60,405,256,1184,1701,87,41
"8/18/2015","Tuesday",1809,1230,579,243,175,68,238,789,68,390,306,1179,1728,31,50
"8/17/2015","Monday",1958,1273,685,280,200,80,218,826,100,404,318,1230,1828,77,53
"8/16/2015","Sunday",1294,1046,248,199,172,27,191,671,37,182,228,853,1280,1,13
"8/15/2015","Saturday",1309,946,363,197,148,49,165,626,53,258,218,884,1299,3,7
"8/14/2015","Friday",1892,1263,629,268,197,71,244,808,80,406,324,1214,1806,59,27
"8/13/2015","Thursday",1910,1262,648,277,191,86,237,816,86,414,323,1230,1830,38,42
"8/12/2015","Wednesday",1894,1289,605,293,218,75,212,813,80,368,292,1181,1766,55,73
"8/11/2015","Tuesday",1866,1218,648,247,173,74,218,797,81,400,299,1197,1743,73,50
"8/10/2015","Monday",1981,1336,645,271,195,76,235,856,78,388,313,1244,1828,67,86
"8/9/2015","Sunday",1250,976,274,212,168,44,162,631,35,194,197,825,1234,0,16
"8/8/2015","Saturday",1300,923,377,219,163,56,196,555,51,263,247,818,1284,6,10
"8/7/2015","Friday",1815,1205,610,263,172,91,234,773,80,387,314,1160,1737,38,40
"8/6/2015","Thursday",1844,1248,596,266,200,66,238,772,88,374,326,1146,1738,33,73
"8/5/2015","Wednesday",1819,1209,610,256,182,74,213,784,89,381,302,1165,1723,48,48
"8/4/2015","Tuesday",1934,1253,681,268,186,82,231,788,87,438,318,1226,1812,39,83
"8/3/2015","Monday",2061,1271,790,301,205,96,241,762,93,464,334,1226,1861,72,128
"8/2/2015","Sunday",1223,891,332,181,132,49,166,575,46,234,212,809,1202,1,20
"8/1/2015","Saturday",1260,857,403,190,139,51,167,546,51,294,218,840,1248,3,9
"7/31/2015","Friday",1779,1120,659,244,170,74,200,715,81,443,281,1158,1683,31,65
"7/30/2015","Thursday",1722,1067,655,253,181,72,199,640,74,410,273,1050,1576,58,88
"7/29/2015","Wednesday",1775,1095,680,239,161,78,212,658,83,414,295,1072,1606,47,122
"7/28/2015","Tuesday",1696,1085,611,233,167,66,197,661,80,394,277,1055,1565,29,102
"7/27/2015","Monday",1806,1120,686,233,155,78,191,702,73,416,264,1118,1615,49,142
"7/26/2015","Sunday",1109,774,335,167,122,45,130,510,53,230,183,740,1090,3,16
"7/25/2015","Saturday",1174,795,379,169,124,45,160,498,59,269,219,767,1155,1,18
"7/24/2015","Friday",1624,1029,595,219,141,78,174,679,74,392,248,1071,1538,17,69
"7/23/2015","Thursday",1664,1041,623,234,162,72,186,638,81,397,267,1035,1536,25,103
"7/22/2015","Wednesday",1713,1051,662,280,193,87,179,629,86,418,265,1047,1592,32,89
"7/21/2015","Tuesday",1690,1097,593,225,147,78,188,711,79,358,267,1069,1561,21,108
"7/20/2015","Monday",1893,1198,695,286,198,88,213,729,82,444,295,1173,1754,31,108
"7/19/2015","Sunday",1135,846,289,190,140,50,160,530,37,183,197,713,1099,4,32
"7/18/2015","Saturday",1250,832,418,185,129,56,163,530,57,302,220,832,1237,1,12
"7/17/2015","Friday",1720,1087,633,237,159,78,218,663,55,435,273,1098,1608,40,72
"7/16/2015","Thursday",1918,1296,622,269,196,73,205,805,68,415,273,1220,1762,17,139
"7/15/2015","Wednesday",1807,1195,612,256,185,71,192,776,91,391,283,1167,1706,12,89
"7/14/2015","Tuesday",1878,1179,699,250,166,84,217,749,94,431,311,1180,1741,29,108
"7/13/2015","Monday",1973,1296,677,245,186,59,225,817,85,467,310,1284,1839,21,113
"7/12/2015","Sunday",1081,825,256,167,140,27,150,520,35,190,185,710,1062,0,19
"7/11/2015","Saturday",1213,819,394,202,146,56,159,503,59,274,218,777,1197,0,16
"7/10/2015","Friday",1667,1087,580,198,144,54,211,709,84,392,295,1101,1594,24,49
"7/9/2015","Thursday",1817,1187,630,263,180,83,213,737,73,409,286,1146,1695,25,97
"7/8/2015","Wednesday",1909,1285,624,267,193,74,196,823,69,408,265,1231,1763,19,127
"7/7/2015","Tuesday",1852,1245,607,242,176,66,245,775,78,397,323,1172,1737,17,98
"7/6/2015","Monday",1981,1315,666,274,203,71,233,822,71,430,304,1252,1830,32,119
"7/5/2015","Sunday",1089,831,258,178,146,32,142,527,30,188,172,715,1065,0,24
"7/4/2015","Saturday",649,467,182,107,81,26,98,281,31,124,129,405,641,0,8
"7/3/2015","Friday",1253,818,435,187,128,59,155,524,61,296,216,820,1223,9,21
"7/2/2015","Thursday",1580,999,581,212,141,71,195,630,86,355,281,985,1478,23,79
"7/1/2015","Wednesday",1587,1086,501,222,161,61,203,681,61,328,264,1009,1495,12,80
"6/30/2015","Tuesday",1558,1030,528,206,150,56,196,621,62,311,258,932,1396,17,145
"6/29/2015","Monday",1515,1020,495,211,156,55,184,621,58,312,242,933,1386,14,115
"6/28/2015","Sunday",872,686,186,148,122,26,116,434,23,135,139,569,856,0,16
"6/27/2015","Saturday",975,685,290,174,136,38,129,409,30,211,159,620,953,1,21
"6/26/2015","Friday",1474,956,518,191,141,50,169,614,59,355,228,969,1388,18,68
"6/25/2015","Thursday",1600,1058,542,241,175,66,176,642,60,297,236,939,1416,66,118
"6/24/2015","Wednesday",1528,1020,508,213,137,76,196,626,60,294,256,920,1389,18,121
"6/23/2015","Tuesday",1518,1033,485,212,145,67,205,627,59,307,264,934,1410,8,100
"6/22/2015","Monday",1615,1074,541,216,155,61,176,665,51,313,227,978,1421,42,152
"6/21/2015","Sunday",771,594,177,127,102,25,93,386,26,116,119,502,748,3,20
"6/20/2015","Saturday",913,643,270,117,81,36,137,418,38,185,175,603,895,5,13
"6/19/2015","Friday",1456,980,476,205,143,62,187,619,55,296,242,915,1362,26,68
"6/18/2015","Thursday",1494,996,498,212,150,62,175,618,77,298,252,916,1380,9,105
"6/17/2015","Wednesday",1586,1065,521,219,163,56,204,642,57,325,261,967,1447,3,136
"6/16/2015","Tuesday",1655,1123,532,215,158,57,187,706,74,319,261,1025,1501,34,120
"6/15/2015","Monday",1683,1174,509,230,165,65,233,694,64,312,297,1006,1533,16,134
"6/14/2015","Sunday",1001,790,211,152,129,23,141,501,31,144,172,645,969,7,25
"6/13/2015","Saturday",1050,751,299,168,120,48,124,495,41,202,165,697,1030,1,19
"6/12/2015","Friday",1555,1059,496,217,169,48,200,652,64,305,264,957,1438,21,96
"6/11/2015","Thursday",1649,1103,546,238,173,65,194,669,55,358,249,1027,1514,12,123
"6/10/2015","Wednesday",1625,1101,524,222,163,59,212,661,55,342,267,1003,1492,14,119
"6/9/2015","Tuesday",1753,1158,595,240,169,71,199,699,86,344,285,1043,1568,13,172
"6/8/2015","Monday",1793,1217,576,228,169,59,199,770,72,365,271,1135,1634,15,144
"6/7/2015","Sunday",1158,883,275,178,142,36,155,567,47,180,202,747,1127,0,31
"6/6/2015","Saturday",1180,822,358,167,119,48,154,529,48,253,202,782,1151,0,29
"6/5/2015","Friday",1664,1088,576,240,169,71,184,676,83,344,267,1020,1527,17,120
"6/4/2015","Thursday",1636,1067,569,209,149,60,183,665,80,365,263,1030,1502,8,126
"6/3/2015","Wednesday",1839,1239,600,243,171,72,207,776,73,341,280,1117,1640,35,164
"6/2/2015","Tuesday",1920,1307,613,225,152,73,263,810,83,348,346,1158,1729,26,165
"6/1/2015","Monday",2077,1457,620,276,205,71,243,889,80,367,323,1256,1855,19,203
"5/31/2015","Sunday",1245,1001,244,180,154,26,176,645,45,162,221,807,1208,0,37
"5/30/2015","Saturday",1261,924,337,189,146,43,157,599,54,226,211,825,1225,0,36
"5/29/2015","Friday",1667,1102,565,205,144,61,201,707,79,348,280,1055,1540,15,112
"5/28/2015","Thursday",1782,1222,560,228,163,65,196,780,64,331,260,1111,1599,20,163
"5/27/2015","Wednesday",1786,1220,566,219,163,56,203,764,67,323,270,1087,1576,32,178
"5/26/2015","Tuesday",1775,1242,533,222,170,52,189,789,55,333,244,1122,1588,13,174
"5/25/2015","Monday",1155,888,267,154,122,32,155,589,26,183,181,772,1107,16,32
"5/24/2015","Sunday",853,672,181,126,95,31,128,435,20,121,148,556,830,4,19
"5/23/2015","Saturday",1072,769,303,163,126,37,138,490,59,195,197,685,1045,1,26
"5/22/2015","Friday",1562,1062,500,219,166,53,191,659,74,309,265,968,1452,8,102
"5/21/2015","Thursday",1713,1208,505,217,153,64,211,755,59,297,270,1052,1539,18,156
"5/20/2015","Wednesday",1761,1218,543,220,158,62,221,746,69,315,290,1061,1571,21,169
"5/19/2015","Tuesday",1956,1336,620,264,176,88,214,843,70,370,284,1213,1761,13,182
"5/18/2015","Monday",1890,1329,561,229,176,53,227,822,58,361,285,1183,1697,21,172
"5/17/2015","Sunday",1327,1052,275,173,142,31,198,687,42,182,240,869,1282,14,31
"5/16/2015","Saturday",1366,995,371,197,149,48,171,654,55,259,226,913,1336,0,30
"5/15/2015","Friday",1825,1230,595,251,194,57,237,743,84,397,321,1140,1712,16,97
"5/14/2015","Thursday",1908,1327,581,272,199,73,223,813,74,353,297,1166,1735,18,155
"5/13/2015","Wednesday",1936,1328,608,213,159,54,235,839,74,368,309,1207,1729,31,176
"5/12/2015","Tuesday",2099,1441,658,267,199,68,253,869,77,373,330,1242,1839,23,237
"5/11/2015","Monday",2169,1510,659,246,170,76,265,953,76,355,341,1308,1895,31,243
"5/10/2015","Sunday",884,703,181,129,101,28,108,482,23,125,131,607,867,2,15
"5/9/2015","Saturday",1057,761,296,150,120,30,142,486,57,207,199,693,1042,0,15
"5/8/2015","Friday",1578,1095,483,215,159,56,215,672,59,295,274,967,1456,28,94
"5/7/2015","Thursday",1861,1263,598,223,159,64,222,806,70,361,292,1167,1682,29,150
"5/6/2015","Wednesday",1854,1304,550,240,174,66,241,814,66,338,307,1152,1699,12,143
"5/5/2015","Tuesday",1943,1380,563,253,190,63,240,850,57,344,297,1194,1744,22,177
"5/4/2015","Monday",2165,1492,673,268,195,73,274,918,96,394,370,1312,1950,32,183
"5/3/2015","Sunday",1312,1031,281,170,142,28,212,664,41,204,253,868,1291,0,21
"5/2/2015","Saturday",1196,869,327,183,137,46,169,552,45,225,214,777,1174,2,20
"5/1/2015","Friday",1799,1237,562,243,181,62,241,759,86,340,327,1099,1669,20,110
"4/30/2015","Thursday",1787,1251,536,265,204,61,216,754,69,326,285,1080,1630,10,147
"4/29/2015","Wednesday",1660,1112,548,198,148,50,207,679,70,330,277,1009,1484,26,150
"4/28/2015","Tuesday",1745,1178,567,208,147,61,230,724,84,306,314,1030,1552,37,156
"4/27/2015","Monday",1912,1331,581,233,157,76,224,851,66,337,290,1188,1711,23,178
"4/26/2015","Sunday",1204,947,257,176,139,37,155,641,42,171,197,812,1185,4,15
"4/25/2015","Saturday",1279,957,322,192,147,45,180,624,63,210,243,834,1269,1,9
"4/24/2015","Friday",1725,1164,561,252,177,75,236,698,69,354,305,1052,1609,17,99
"4/23/2015","Thursday",1869,1246,623,252,171,81,211,800,71,375,282,1175,1709,35,125
"4/22/2015","Wednesday",1886,1299,587,238,183,55,257,795,78,357,335,1152,1725,18,143
"4/21/2015","Tuesday",1976,1370,606,235,180,55,224,869,70,353,294,1222,1751,32,193
"4/20/2015","Monday",2123,1524,599,292,221,71,267,954,80,352,347,1306,1945,16,162
"4/19/2015","Sunday",1452,1146,306,218,175,43,226,730,48,209,274,939,1431,3,18
"4/18/2015","Saturday",1263,955,308,195,157,38,162,630,47,217,209,847,1251,1,11
"4/17/2015","Friday",1924,1327,597,246,188,58,238,842,87,373,325,1215,1786,28,110
"4/16/2015","Thursday",2061,1411,650,268,195,73,223,921,82,399,305,1320,1893,23,145
"4/15/2015","Wednesday",2131,1481,650,270,199,71,254,933,79,402,333,1335,1938,38,155
"4/14/2015","Tuesday",2091,1450,641,264,184,80,250,943,79,392,329,1335,1928,42,121
"4/13/2015","Monday",2103,1459,644,254,188,66,248,945,92,386,340,1331,1925,39,139
"4/12/2015","Sunday",1394,1129,265,180,154,26,194,773,48,185,242,958,1380,0,14
"4/11/2015","Saturday",1440,1078,362,220,163,57,208,703,47,258,255,961,1436,0,4
"4/10/2015","Friday",1950,1349,601,206,151,55,257,890,84,388,341,1278,1825,36,89
"4/9/2015","Thursday",2110,1475,635,264,196,68,285,903,89,395,374,1298,1936,27,147
"4/8/2015","Wednesday",2064,1397,667,241,171,70,265,901,86,391,351,1292,1884,45,135
"4/7/2015","Tuesday",2298,1594,704,269,191,78,285,1045,91,409,376,1454,2099,28,171
"4/6/2015","Monday",2113,1521,592,247,192,55,276,992,86,390,362,1382,1991,21,101
"4/5/2015","Sunday",866,741,125,145,131,14,151,450,24,85,175,535,855,2,9
"4/4/2015","Saturday",1139,798,341,173,115,58,135,542,51,231,186,773,1132,1,6
"4/3/2015","Friday",1614,1092,522,229,163,66,204,700,73,349,277,1049,1555,17,42
"4/2/2015","Thursday",1788,1248,540,243,176,67,243,776,71,341,314,1117,1674,19,95
"4/1/2015","Wednesday",1909,1342,567,272,199,73,231,843,82,328,313,1171,1756,30,123
"3/31/2015","Tuesday",1952,1338,614,267,197,70,226,847,83,365,309,1212,1788,32,132
"3/30/2015","Monday",1901,1283,618,255,198,57,237,793,75,394,312,1187,1754,27,120
"3/29/2015","Sunday",1269,996,273,193,161,32,166,655,41,199,207,854,1254,0,15
"3/28/2015","Saturday",1352,991,361,219,171,48,182,624,63,241,245,865,1329,6,17
"3/27/2015","Friday",1765,1162,603,240,172,68,205,723,66,342,271,1065,1576,90,99
"3/26/2015","Thursday",1857,1265,592,251,178,73,233,795,87,360,320,1155,1726,22,109
"3/25/2015","Wednesday",2040,1400,640,260,194,66,234,899,88,394,322,1293,1875,43,122
"3/24/2015","Tuesday",2078,1352,726,237,182,55,224,879,75,447,299,1326,1862,53,163
"3/23/2015","Monday",2223,1554,669,274,206,68,273,999,112,420,385,1419,2078,27,118
"3/22/2015","Sunday",1528,1179,349,220,168,52,222,774,61,233,283,1007,1510,1,17
"3/21/2015","Saturday",1478,1060,418,245,175,70,181,694,56,289,237,983,1465,1,12
"3/20/2015","Friday",2024,1369,655,284,210,74,255,861,89,440,344,1301,1929,19,76
"3/19/2015","Thursday",2229,1532,697,311,232,79,285,951,86,453,371,1404,2086,27,116
"3/18/2015","Wednesday",2126,1469,657,305,229,76,256,914,85,415,341,1329,1975,27,124
"3/17/2015","Tuesday",2223,1499,724,285,206,79,266,962,93,454,359,1416,2060,43,120
"3/16/2015","Monday",2340,1660,680,329,248,81,283,1059,76,455,359,1514,2202,35,103
"3/15/2015","Sunday",1736,1362,374,230,181,49,254,917,65,259,319,1176,1725,0,11
"3/14/2015","Saturday",1864,1345,519,258,191,67,270,879,84,361,354,1240,1852,1,11
"3/13/2015","Friday",2222,1509,713,309,228,81,293,968,97,472,390,1440,2139,37,46
"3/12/2015","Thursday",2464,1657,807,335,253,82,304,1047,124,519,428,1566,2329,43,92
"3/11/2015","Wednesday",2539,1769,770,341,244,97,309,1148,108,496,417,1644,2402,24,113
"3/10/2015","Tuesday",2624,1834,790,328,235,93,340,1172,107,493,447,1665,2440,35,149
"3/9/2015","Monday",2928,2049,879,387,290,97,364,1328,123,581,487,1909,2783,44,101
"3/8/2015","Sunday",2152,1686,466,308,249,59,334,1092,77,327,411,1419,2138,3,11
"3/7/2015","Saturday",2245,1559,686,317,232,85,301,1017,115,476,416,1493,2226,0,19
"3/6/2015","Friday",2644,1682,962,351,256,95,312,1059,128,645,440,1704,2495,47,102
"3/5/2015","Thursday",2746,2129,617,366,306,60,387,1373,97,411,484,1784,2634,18,94
"3/4/2015","Wednesday",2858,2071,787,378,291,87,383,1339,104,504,487,1843,2708,52,98
"3/3/2015","Tuesday",3148,2217,931,418,317,101,417,1425,132,608,549,2033,3000,45,103
"3/2/2015","Monday",3462,2393,1069,444,328,116,446,1558,136,704,582,2262,3288,61,113
"3/1/2015","Sunday",2597,2064,533,371,302,69,404,1344,74,373,478,1717,2566,6,25
"2/28/2015","Saturday",2148,1999,149,316,299,17,413,1276,26,92,439,1368,2123,8,17
"2/27/2015","Friday",2417,2161,256,372,342,30,409,1380,40,167,449,1547,2368,12,37
"2/26/2015","Thursday",2760,1956,804,423,310,113,349,1249,128,498,477,1747,2647,30,83
"2/25/2015","Wednesday",2816,1964,852,365,279,86,365,1269,117,552,482,1821,2668,67,81
"2/24/2015","Tuesday",2866,2054,812,386,297,89,411,1300,126,533,537,1833,2756,37,73
"2/23/2015","Monday",2282,2173,109,344,326,18,373,1419,20,60,393,1479,2216,6,60
"2/22/2015","Sunday",2123,1660,463,332,250,82,327,1074,67,301,394,1375,2101,9,13
"2/21/2015","Saturday",2140,1611,529,338,262,76,320,1019,79,361,399,1380,2117,9,14
"2/20/2015","Friday",2490,1687,803,350,251,99,328,1089,103,506,431,1595,2376,77,37
"2/19/2015","Thursday",2650,1887,763,366,277,89,368,1198,119,503,487,1701,2554,24,72
"2/18/2015","Wednesday",2424,1667,757,353,247,106,297,1074,105,492,402,1566,2321,26,77
"2/17/2015","Tuesday",2513,1754,759,345,259,86,327,1143,99,487,426,1630,2401,48,64
"2/16/2015","Monday",2453,1706,747,351,271,80,348,1071,109,496,457,1567,2375,43,35
"2/15/2015","Sunday",1942,1517,425,279,231,48,277,1005,72,292,349,1297,1925,1,16
"2/14/2015","Saturday",1727,1294,433,270,214,56,252,817,80,291,332,1108,1710,4,13
"2/13/2015","Friday",2371,1630,741,349,265,84,309,1039,142,468,451,1507,2307,28,36
"2/12/2015","Thursday",2736,1933,803,367,279,88,372,1250,134,507,506,1757,2630,47,59
"2/11/2015","Wednesday",2783,1960,823,386,295,91,386,1234,133,520,519,1754,2659,41,83
"2/10/2015","Tuesday",2908,2018,890,384,275,109,360,1326,123,546,483,1872,2739,65,104
"2/9/2015","Monday",2977,2132,845,371,273,98,406,1403,132,553,538,1956,2865,38,74
"2/8/2015","Sunday",2290,1844,446,332,264,68,365,1202,81,289,446,1491,2269,6,15
"2/7/2015","Saturday",2293,1678,615,361,272,89,339,1056,91,429,430,1485,2276,1,16
"2/6/2015","Friday",2814,1910,904,400,279,121,353,1249,158,576,511,1825,2736,37,41
"2/5/2015","Thursday",2950,2051,899,403,293,110,445,1268,133,568,578,1836,2817,50,83
"2/4/2015","Wednesday",3064,2123,941,447,334,113,400,1345,162,581,562,1926,2935,58,71
"2/3/2015","Tuesday",2859,1885,974,436,296,140,340,1203,144,607,484,1810,2730,39,90
"2/2/2015","Monday",2871,2020,851,386,261,125,385,1335,133,511,518,1846,2750,50,71
"2/1/2015","Sunday",1953,1532,421,297,236,61,276,1012,77,276,353,1288,1938,7,8
"1/31/2015","Saturday",2189,1650,539,351,282,69,311,1047,87,378,398,1425,2174,3,12
"1/30/2015","Friday",2682,1891,791,398,306,92,356,1207,118,522,474,1729,2601,46,35
"1/29/2015","Thursday",2438,1706,732,374,286,88,312,1087,106,444,418,1531,2323,62,53
"1/28/2015","Wednesday",2444,1700,744,369,276,93,286,1099,108,483,394,1582,2345,36,63
"1/27/2015","Tuesday",2394,1772,622,319,252,67,343,1153,96,396,439,1549,2307,45,42
"1/26/2015","Monday",2501,1761,740,342,254,88,299,1185,99,487,398,1672,2412,47,42
"1/25/2015","Sunday",1961,1568,393,303,244,59,307,1005,58,272,365,1277,1945,1,15
"1/24/2015","Saturday",2065,1549,516,331,256,75,244,1045,87,351,331,1396,2058,1,6
"1/23/2015","Friday",2643,1888,755,379,281,98,330,1259,108,495,438,1754,2571,44,28
"1/22/2015","Thursday",2661,1876,785,377,272,105,342,1224,109,493,451,1717,2545,58,58
"1/21/2015","Wednesday",2699,1940,759,337,259,78,373,1274,94,514,467,1788,2592,52,55
"1/20/2015","Tuesday",2703,1905,798,353,253,100,340,1284,92,524,432,1808,2593,54,56
"1/19/2015","Monday",2701,1984,717,329,239,90,378,1354,106,483,484,1837,2650,30,21
"1/18/2015","Sunday",2194,1731,463,316,257,59,295,1169,77,316,372,1485,2173,10,11
"1/17/2015","Saturday",2471,1859,612,338,268,70,338,1243,99,438,437,1681,2456,3,12
"1/16/2015","Friday",3051,2188,863,429,314,115,421,1431,106,574,527,2005,2961,51,39
"1/15/2015","Thursday",3208,2379,829,428,327,101,428,1589,93,575,521,2164,3113,44,51
"1/14/2015","Wednesday",3227,2316,911,398,312,86,389,1584,106,639,495,2223,3116,51,60
"1/13/2015","Tuesday",3245,2301,944,405,321,84,427,1521,127,622,554,2143,3102,82,61
"1/12/2015","Monday",3530,2586,944,433,335,98,453,1747,119,633,572,2380,3385,82,63
"1/11/2015","Sunday",2784,2256,528,373,303,70,387,1554,70,386,457,1940,2770,0,14
"1/10/2015","Saturday",2873,2186,687,389,307,82,354,1518,112,491,466,2009,2864,2,7
"1/9/2015","Friday",3540,2587,953,451,349,102,458,1750,152,621,610,2371,3432,74,34
"1/8/2015","Thursday",3472,2565,907,413,322,91,474,1735,131,626,605,2361,3379,47,46
"1/7/2015","Wednesday",3462,2586,876,461,365,96,449,1742,109,582,558,2324,3343,67,52
"1/6/2015","Tuesday",3554,2655,899,491,388,103,462,1760,123,599,585,2359,3435,56,63
"1/5/2015","Monday",3719,2728,991,493,385,108,487,1831,124,681,611,2512,3616,63,40
"1/4/2015","Sunday",2914,2396,518,379,311,68,429,1645,61,386,490,2031,2900,1,13
"1/3/2015","Saturday",2997,2280,717,423,335,88,402,1539,103,524,505,2063,2991,2,4
"1/2/2015","Friday",3319,2537,782,472,380,92,450,1695,127,558,577,2253,3302,3,14
"1/1/2015","Thursday",2298,1909,389,348,297,51,358,1248,53,278,411,1526,2285,6,7
"12/31/2014","Wednesday",1925,1509,416,257,207,50,292,1000,61,287,353,1287,1897,13,15
"12/30/2014","Tuesday",2394,1793,601,335,249,86,302,1218,85,415,387,1633,2355,9,30
"12/29/2014","Monday",2472,1810,662,346,265,81,295,1218,85,450,380,1668,2394,33,45
"12/28/2014","Sunday",1779,1438,341,251,217,34,253,959,42,259,295,1218,1764,6,9
"12/27/2014","Saturday",1665,1262,403,238,191,47,205,858,54,299,259,1157,1655,0,10
"12/26/2014","Friday",2097,1509,588,274,213,61,283,1003,75,442,358,1445,2077,5,15
"12/25/2014","Thursday",499,499,0,76,76,0,94,323,0,0,94,323,494,0,5
"12/24/2014","Wednesday",649,507,142,85,71,14,86,342,25,97,111,439,637,1,11
"12/23/2014","Tuesday",1009,720,289,125,94,31,125,489,37,209,162,698,986,7,16
"12/22/2014","Monday",1281,893,388,158,122,36,173,576,38,280,211,856,1225,17,39
"12/21/2014","Sunday",990,781,209,144,115,29,149,495,26,150,175,645,969,1,20
"12/20/2014","Saturday",1040,737,303,138,100,38,133,502,44,215,177,717,1033,0,7
"12/19/2014","Friday",1465,985,480,195,146,49,149,674,63,321,212,995,1406,19,40
"12/18/2014","Thursday",1624,1120,504,188,136,52,193,761,68,347,261,1108,1559,19,46
"12/17/2014","Wednesday",1703,1198,505,207,152,55,223,800,64,344,287,1144,1641,16,46
"12/16/2014","Tuesday",1768,1273,495,214,153,61,255,832,66,333,321,1165,1706,16,46
"12/15/2014","Monday",1852,1298,554,195,148,47,229,878,60,394,289,1272,1757,30,65
"12/14/2014","Sunday",1385,1069,316,171,143,28,197,711,34,223,231,934,1341,26,18
"12/13/2014","Saturday",1356,963,393,182,140,42,156,647,68,276,224,923,1334,5,17
"12/12/2014","Friday",1829,1270,559,219,161,58,238,844,77,391,315,1235,1774,16,39
"12/11/2014","Thursday",1810,1225,585,230,158,72,203,825,82,383,285,1208,1731,25,54
"12/10/2014","Wednesday",2079,1365,714,258,198,60,222,908,103,489,325,1397,1983,32,64
"12/9/2014","Tuesday",2122,1490,632,220,165,55,249,1031,99,422,348,1453,2033,18,71
"12/8/2014","Monday",2256,1547,709,252,193,59,264,1026,92,501,356,1527,2143,29,84
"12/7/2014","Sunday",1611,1287,324,192,161,31,252,851,50,231,302,1082,1582,9,20
"12/6/2014","Saturday",1735,1261,474,206,154,52,249,838,58,356,307,1194,1717,0,18
"12/5/2014","Friday",2164,1517,647,271,207,64,275,996,77,467,352,1463,2097,20,47
"12/4/2014","Thursday",2360,1663,697,282,209,73,318,1083,112,462,430,1545,2270,31,59
"12/3/2014","Wednesday",2582,1814,768,307,228,79,323,1212,101,538,424,1750,2491,19,72
"12/2/2014","Tuesday",2724,1905,819,306,231,75,353,1259,115,588,468,1847,2627,13,84
"12/1/2014","Monday",2740,1921,819,286,203,83,353,1300,101,580,454,1880,2631,32,77
"11/30/2014","Sunday",1853,1472,381,192,161,31,279,1017,58,277,337,1294,1828,10,15
"11/29/2014","Saturday",1779,1319,460,213,161,52,254,886,79,322,333,1208,1762,0,17
"11/28/2014","Friday",1913,1294,619,210,147,63,245,890,88,461,333,1351,1899,1,13
"11/27/2014","Thursday",523,523,0,72,72,0,92,355,0,0,92,355,520,0,3
"11/26/2014","Wednesday",1489,1023,466,167,116,51,171,707,73,318,244,1025,1449,7,33
"11/25/2014","Tuesday",1833,1214,619,201,142,59,219,812,91,380,310,1192,1708,70,55
"11/24/2014","Monday",2109,1524,585,223,172,51,295,1015,82,406,377,1421,2029,21,59
"11/23/2014","Sunday",1626,1277,349,198,154,44,237,870,46,253,283,1123,1607,2,17
"11/22/2014","Saturday",1729,1265,464,195,144,51,243,857,67,341,310,1198,1713,0,16
"11/21/2014","Friday",2278,1591,687,253,192,61,282,1081,102,486,384,1567,2212,20,46
"11/20/2014","Thursday",2342,1597,745,230,158,72,294,1117,97,513,391,1630,2260,38,44
"11/19/2014","Wednesday",2367,1688,679,247,193,54,283,1158,85,485,368,1643,2268,31,68
"11/18/2014","Tuesday",2508,1795,713,257,200,57,328,1200,88,503,416,1703,2391,33,84
"11/17/2014","Monday",2645,1876,769,317,227,90,344,1237,107,495,451,1732,2506,48,91
"11/16/2014","Sunday",1992,1580,412,228,180,48,289,1086,67,289,356,1375,1964,4,24
"11/15/2014","Saturday",1977,1501,476,248,199,49,264,1003,72,342,336,1345,1938,3,36
"11/14/2014","Friday",2644,1859,785,324,248,76,326,1226,128,533,454,1759,2549,26,69
"11/13/2014","Thursday",2579,1829,750,257,200,57,316,1246,101,549,417,1795,2482,20,77
"11/12/2014","Wednesday",2716,1871,845,305,208,97,331,1263,94,566,425,1829,2564,61,91
"11/11/2014","Tuesday",2732,1897,835,314,215,99,344,1286,108,572,452,1858,2630,37,65
"11/10/2014","Monday",2974,2103,871,334,247,87,363,1415,117,601,480,2016,2839,36,99
"11/9/2014","Sunday",2160,1704,456,233,185,48,338,1143,58,338,396,1481,2118,1,41
"11/8/2014","Saturday",2180,1580,600,238,181,57,300,1069,76,454,376,1523,2143,0,37
"11/7/2014","Friday",2793,1960,833,317,240,77,373,1282,120,588,493,1870,2698,26,69
"11/6/2014","Thursday",2868,2053,815,324,244,80,381,1379,105,557,486,1936,2756,49,63
"11/5/2014","Wednesday",2876,2046,830,299,220,79,365,1390,120,554,485,1944,2740,45,91
"11/4/2014","Tuesday",2794,1985,809,328,241,87,384,1280,107,553,491,1833,2662,45,87
"11/3/2014","Monday",2883,1954,929,285,204,81,371,1315,144,633,515,1948,2759,41,83
"11/2/2014","Sunday",2264,1837,427,292,243,49,340,1207,63,299,403,1506,2211,11,42
"11/1/2014","Saturday",2148,1588,560,260,201,59,311,1042,69,412,380,1454,2101,6,41
"10/31/2014","Friday",1601,1137,464,206,145,61,224,737,48,325,272,1062,1548,21,32
"10/30/2014","Thursday",1997,1422,575,253,189,64,269,913,77,380,346,1293,1904,22,71
"10/29/2014","Wednesday",2072,1453,619,235,165,70,274,970,87,416,361,1386,1986,18,68
"10/28/2014","Tuesday",2125,1525,600,253,185,68,283,996,82,398,365,1394,2022,45,58
"10/27/2014","Monday",2275,1617,658,260,198,62,302,1071,113,427,415,1498,2179,33,63
"10/26/2014","Sunday",1588,1282,306,189,156,33,238,867,38,228,276,1095,1562,1,25
"10/25/2014","Saturday",1562,1169,393,215,165,50,232,754,64,271,296,1025,1541,2,19
"10/24/2014","Friday",2065,1454,611,235,180,55,287,943,85,429,372,1372,1989,28,48
"10/23/2014","Thursday",2098,1446,652,260,193,67,275,937,87,446,362,1383,2012,35,51
"10/22/2014","Wednesday",2218,1569,649,280,203,77,274,1049,82,425,356,1474,2114,50,54
"10/21/2014","Tuesday",2393,1632,761,274,190,84,300,1100,89,515,389,1615,2293,51,49
"10/20/2014","Monday",2440,1638,802,266,195,71,295,1107,98,567,393,1674,2340,45,55
"10/19/2014","Sunday",1725,1362,363,226,185,41,266,883,57,257,323,1140,1698,6,21
"10/18/2014","Saturday",1702,1218,484,219,158,61,253,792,74,342,327,1134,1683,2,17
"10/17/2014","Friday",2188,1524,664,261,196,65,305,994,88,472,393,1466,2132,26,30
"10/16/2014","Thursday",2497,1748,749,323,244,79,346,1125,116,507,462,1632,2424,29,44
"10/15/2014","Wednesday",2481,1735,746,317,235,82,340,1121,85,497,425,1618,2367,66,48
"10/14/2014","Tuesday",2459,1691,768,281,209,72,321,1127,104,531,425,1658,2372,49,38
"10/13/2014","Monday",2490,1759,731,314,232,82,340,1149,93,497,433,1646,2403,51,36
"10/12/2014","Sunday",1857,1465,392,213,184,29,289,974,61,292,350,1266,1837,8,12
"10/11/2014","Saturday",1903,1355,548,259,181,78,248,909,90,373,338,1282,1892,1,10
"10/10/2014","Friday",2468,1690,778,299,234,65,332,1098,131,531,463,1629,2401,37,30
"10/9/2014","Thursday",2515,1795,720,328,257,71,344,1157,114,492,458,1649,2445,31,39
"10/8/2014","Wednesday",2544,1830,714,301,236,65,321,1235,100,490,421,1725,2459,45,40
"10/7/2014","Tuesday",2561,1796,765,341,264,77,324,1179,105,533,429,1712,2491,40,30
"10/6/2014","Monday",2714,1926,788,316,237,79,361,1299,109,544,470,1843,2640,37,37
"10/5/2014","Sunday",2007,1599,408,255,211,44,324,1047,71,288,395,1335,1993,2,12
"10/4/2014","Saturday",1985,1466,519,264,207,57,291,962,81,381,372,1343,1982,0,3
"10/3/2014","Friday",2487,1720,767,316,244,72,331,1117,115,533,446,1650,2420,38,29
"10/2/2014","Thursday",2749,1895,854,356,256,100,381,1228,97,600,478,1828,2672,41,36
"10/1/2014","Wednesday",2598,1716,882,292,205,87,321,1161,124,619,445,1780,2531,40,27
"9/30/2014","Tuesday",2528,1685,843,294,208,86,312,1132,112,570,424,1702,2440,60,28
"9/29/2014","Monday",2384,1571,813,309,210,99,332,999,105,541,437,1540,2302,50,32
"9/28/2014","Sunday",1633,1235,398,194,155,39,246,823,73,276,319,1099,1619,5,9
"9/27/2014","Saturday",1683,1152,531,210,145,65,227,772,74,384,301,1156,1670,6,7
"9/26/2014","Friday",2087,1333,754,285,197,88,283,840,102,517,385,1357,2035,37,15
"9/25/2014","Thursday",2193,1486,707,289,198,91,281,980,97,459,378,1439,2123,46,24
"9/24/2014","Wednesday",2312,1522,790,289,210,79,310,966,107,518,417,1484,2202,66,44
"9/23/2014","Tuesday",2184,1330,854,288,197,91,251,857,126,562,377,1419,2090,65,29
"9/22/2014","Monday",2445,1697,748,299,217,82,309,1138,116,468,425,1606,2338,65,42
"9/21/2014","Sunday",1773,1430,343,260,223,37,288,904,48,249,336,1153,1760,0,13
"9/20/2014","Saturday",1787,1357,430,256,215,41,267,859,71,313,338,1172,1782,2,3
"9/19/2014","Friday",2416,1697,719,349,262,87,300,1113,85,487,385,1600,2345,47,24
"9/18/2014","Thursday",2460,1741,719,316,248,68,365,1095,109,463,474,1558,2362,59,39
"9/17/2014","Wednesday",2479,1698,781,308,220,88,344,1110,120,468,464,1578,2362,93,24
"9/16/2014","Tuesday",2498,1783,715,313,243,70,333,1189,93,486,426,1675,2424,54,20
"9/15/2014","Monday",2701,1946,755,351,266,85,339,1305,94,511,433,1816,2616,51,34
"9/14/2014","Sunday",2035,1651,384,282,225,57,309,1091,53,266,362,1357,2019,3,13
"9/13/2014","Saturday",1975,1471,504,274,224,50,293,938,81,360,374,1298,1961,9,5
"9/12/2014","Friday",2531,1787,744,321,235,86,364,1166,102,486,466,1652,2451,65,15
"9/11/2014","Thursday",2617,1827,790,344,250,94,359,1190,118,487,477,1677,2515,80,22
"9/10/2014","Wednesday",2571,1786,785,311,217,94,359,1181,106,494,465,1675,2462,79,30
"9/9/2014","Tuesday",2512,1812,700,329,250,79,346,1190,88,460,434,1650,2429,62,21
"9/8/2014","Monday",2695,1971,724,338,264,74,371,1315,75,482,446,1797,2585,83,27
"9/7/2014","Sunday",1962,1578,384,278,230,48,316,1021,55,276,371,1297,1955,1,6
"9/6/2014","Saturday",2083,1551,532,287,229,58,286,1023,80,384,366,1407,2069,7,7
"9/5/2014","Friday",2620,1882,738,360,269,91,388,1208,113,483,501,1691,2561,41,18
"9/4/2014","Thursday",2558,1821,737,347,266,81,359,1179,87,484,446,1663,2462,77,19
"9/3/2014","Wednesday",2604,1874,730,321,249,72,344,1263,94,498,438,1761,2530,47,27
"9/2/2014","Tuesday",2375,1723,652,322,254,68,325,1125,105,423,430,1548,2311,52,12
"9/1/2014","Monday",1828,1460,368,245,207,38,292,944,56,257,348,1201,1808,12,8
"8/31/2014","Sunday",1410,1138,272,209,183,26,205,740,44,197,249,937,1403,1,6
"8/30/2014","Saturday",1653,1229,424,219,170,49,261,788,66,303,327,1091,1645,3,5
"8/29/2014","Friday",2000,1419,581,278,201,77,270,932,73,373,343,1305,1934,53,13
"8/28/2014","Thursday",1998,1363,635,275,203,72,250,884,69,348,319,1232,1834,144,20
"8/27/2014","Wednesday",2036,1384,652,269,201,68,271,883,77,397,348,1280,1910,90,36
"8/26/2014","Tuesday",1898,1295,603,255,190,65,211,874,75,374,286,1248,1795,81,22
"8/25/2014","Monday",1938,1396,542,273,213,60,255,909,77,332,332,1241,1854,62,22
"8/24/2014","Sunday",1333,1066,267,191,149,42,188,713,45,176,233,889,1321,1,11
"8/23/2014","Saturday",1409,1084,325,214,166,48,188,722,53,220,241,942,1402,2,5
"8/22/2014","Friday",2017,1413,604,266,204,62,270,920,82,394,352,1314,1941,57,19
"8/21/2014","Thursday",1936,1381,555,293,223,70,285,835,77,336,362,1171,1840,55,41
"8/20/2014","Wednesday",2019,1351,668,276,197,79,247,884,91,408,338,1292,1914,54,51
"8/19/2014","Tuesday",1900,1360,540,280,212,68,256,850,63,337,319,1187,1794,58,48
"8/18/2014","Monday",2067,1458,609,263,200,63,295,930,87,368,382,1298,1950,67,50
"8/17/2014","Sunday",1396,1151,245,216,175,41,212,750,36,165,248,915,1383,1,12
"8/16/2014","Saturday",1430,1079,351,244,189,55,208,673,43,248,251,921,1419,3,8
"8/15/2014","Friday",2021,1443,578,289,226,63,307,882,88,375,395,1257,1950,41,30
"8/14/2014","Thursday",1939,1401,538,286,221,65,287,851,69,357,356,1208,1857,31,51
"8/13/2014","Wednesday",1931,1432,499,289,234,55,259,895,65,333,324,1228,1851,29,51
"8/12/2014","Tuesday",1934,1397,537,256,202,54,303,843,72,333,375,1176,1811,49,74
"8/11/2014","Monday",2077,1489,588,283,220,63,322,904,71,372,393,1276,1955,52,70
"8/10/2014","Sunday",1274,1023,251,180,151,29,224,631,46,171,270,802,1256,1,17
"8/9/2014","Saturday",1428,1102,326,193,158,35,225,708,48,239,273,947,1415,1,12
"8/8/2014","Friday",1854,1304,550,278,217,61,244,821,69,345,313,1166,1762,51,41
"8/7/2014","Thursday",1895,1372,523,293,231,62,298,808,44,350,342,1158,1800,42,53
"8/6/2014","Wednesday",2002,1424,578,300,222,78,269,880,75,341,344,1221,1878,45,79
"8/5/2014","Tuesday",1899,1387,512,271,213,58,261,855,65,326,326,1181,1784,31,84
"8/4/2014","Monday",2111,1534,577,334,273,61,279,912,68,355,347,1267,1962,46,103
"8/3/2014","Sunday",1410,1167,243,247,200,47,255,690,25,166,280,856,1389,2,19
"8/2/2014","Saturday",1470,1097,373,243,183,60,204,693,73,235,277,928,1456,1,13
"8/1/2014","Friday",2002,1405,597,317,242,75,263,870,66,395,329,1265,1924,28,50
"7/31/2014","Thursday",1869,1335,534,273,208,65,272,790,84,325,356,1115,1750,33,86
"7/30/2014","Wednesday",1740,1237,503,270,211,59,221,739,74,304,295,1043,1614,30,96
"7/29/2014","Tuesday",1794,1269,525,257,197,60,212,778,69,305,281,1083,1623,41,130
"7/28/2014","Monday",1900,1376,524,258,202,56,253,833,56,329,309,1162,1741,36,123
"7/27/2014","Sunday",1161,941,220,175,152,23,188,581,36,154,224,735,1135,0,26
"7/26/2014","Saturday",1193,920,273,194,163,31,184,560,48,191,232,751,1181,1,11
"7/25/2014","Friday",1653,1212,441,267,194,73,221,763,44,280,265,1043,1582,12,59
"7/24/2014","Thursday",1651,1198,453,233,194,39,209,730,65,291,274,1021,1532,26,93
"7/23/2014","Wednesday",1728,1270,458,233,188,45,241,766,57,280,298,1046,1581,35,112
"7/22/2014","Tuesday",1784,1277,507,252,185,67,234,775,74,301,308,1076,1641,25,118
"7/21/2014","Monday",1912,1345,567,232,172,60,269,824,77,341,346,1165,1748,27,137
"7/20/2014","Sunday",1171,961,210,185,153,32,185,592,27,142,212,734,1136,4,31
"7/19/2014","Saturday",1231,907,324,187,144,43,170,577,45,224,215,801,1204,4,23
"7/18/2014","Friday",1805,1292,513,286,207,79,236,776,68,332,304,1108,1706,17,82
"7/17/2014","Thursday",1935,1428,507,276,229,47,257,805,74,303,331,1108,1721,43,171
"7/16/2014","Wednesday",1897,1386,511,298,236,62,227,845,66,322,293,1167,1768,29,100
"7/15/2014","Tuesday",1889,1367,522,260,192,68,262,848,79,314,341,1162,1770,15,104
"7/14/2014","Monday",1991,1418,573,278,212,66,262,878,85,357,347,1235,1868,21,102
"7/13/2014","Sunday",1228,981,247,191,162,29,196,607,50,158,246,765,1211,0,17
"7/12/2014","Saturday",1259,956,303,211,168,43,222,558,54,196,276,754,1242,0,17
"7/11/2014","Friday",1694,1202,492,268,220,48,219,734,85,297,304,1031,1608,18,68
"7/10/2014","Thursday",1824,1278,546,258,203,55,239,782,59,339,298,1121,1684,32,108
"7/9/2014","Wednesday",1829,1302,527,247,186,61,251,802,70,329,321,1131,1704,23,102
"7/8/2014","Tuesday",1922,1401,521,248,189,59,266,878,73,317,339,1195,1788,22,112
"7/7/2014","Monday",1981,1442,539,228,191,37,283,894,77,344,360,1238,1831,15,135
"7/6/2014","Sunday",1141,908,233,194,163,31,184,533,38,160,222,693,1117,0,24
"7/5/2014","Saturday",1094,827,267,176,140,36,158,517,45,180,203,697,1085,0,9
"7/4/2014","Friday",815,626,189,143,114,29,122,384,29,124,151,508,805,0,10
"7/3/2014","Thursday",1534,1130,404,233,189,44,221,678,67,243,288,921,1446,8,80
"7/2/2014","Wednesday",1612,1141,471,225,165,60,219,683,67,279,286,962,1476,16,120
"7/1/2014","Tuesday",1647,1186,461,210,162,48,240,729,65,268,305,997,1517,26,104
"6/30/2014","Monday",1635,1168,467,216,166,50,197,728,57,272,254,1000,1477,15,143
"6/29/2014","Sunday",929,738,191,161,132,29,144,449,29,130,173,579,920,0,9
"6/28/2014","Saturday",939,716,223,153,129,24,142,436,35,157,177,593,928,4,7
"6/27/2014","Friday",1342,937,405,180,134,46,185,585,52,262,237,847,1267,6,69
"6/26/2014","Thursday",1397,984,413,208,148,60,197,586,55,233,252,819,1290,17,90
"6/25/2014","Wednesday",1544,1072,472,208,163,45,197,632,53,295,250,927,1391,17,136
"6/24/2014","Tuesday",1576,1126,450,213,162,51,199,688,60,266,259,954,1429,5,142
"6/23/2014","Monday",1616,1152,464,185,142,43,240,710,49,300,289,1010,1487,12,117
"6/22/2014","Sunday",1052,855,197,146,115,31,163,561,23,137,186,698,1037,0,15
"6/21/2014","Saturday",973,716,257,158,130,28,135,438,35,187,170,625,959,1,13
"6/20/2014","Friday",1544,1066,478,239,174,65,193,660,60,300,253,960,1460,20,64
"6/19/2014","Thursday",1649,1159,490,252,188,64,177,728,61,290,238,1018,1517,10,122
"6/18/2014","Wednesday",1488,1048,440,205,155,50,204,620,45,266,249,886,1343,18,127
"6/17/2014","Tuesday",1593,1152,441,201,157,44,214,700,55,267,269,967,1442,20,131
"6/16/2014","Monday",1659,1161,498,223,164,59,220,714,69,315,289,1029,1548,8,103
"6/15/2014","Sunday",845,682,163,128,108,20,121,440,20,117,141,557,832,0,13
"6/14/2014","Saturday",1000,761,239,157,132,25,143,477,36,173,179,650,987,0,13
"6/13/2014","Friday",1471,1040,431,196,151,45,200,642,56,284,256,926,1385,15,71
"6/12/2014","Thursday",1566,1115,451,248,207,41,224,634,74,276,298,910,1462,12,92
"6/11/2014","Wednesday",1626,1155,471,211,172,39,208,699,60,312,268,1011,1496,20,110
"6/10/2014","Tuesday",1750,1246,504,241,192,49,220,746,59,300,279,1046,1574,21,155
"6/9/2014","Monday",1753,1265,488,231,177,54,228,764,62,299,290,1063,1594,14,145
"6/8/2014","Sunday",1095,853,242,187,153,34,151,535,25,170,176,705,1072,2,21
"6/7/2014","Saturday",1093,832,261,169,142,27,149,524,32,194,181,718,1076,0,17
"6/6/2014","Friday",1616,1096,520,221,168,53,201,667,57,298,258,965,1447,11,158
"6/5/2014","Thursday",1746,1221,525,261,194,67,222,728,70,323,292,1051,1616,14,116
"6/4/2014","Wednesday",1793,1278,515,211,175,36,232,798,80,315,312,1113,1639,21,133
"6/3/2014","Tuesday",1962,1393,569,257,190,67,264,829,63,343,327,1172,1762,20,180
"6/2/2014","Monday",2079,1519,560,278,214,64,250,951,78,331,328,1282,1898,27,154
"6/1/2014","Sunday",1176,941,235,166,136,30,181,607,48,148,229,755,1155,1,20
"5/31/2014","Saturday",1235,934,301,181,152,29,163,592,43,217,206,809,1201,3,31
"5/30/2014","Friday",1648,1175,473,231,176,55,200,739,62,306,262,1045,1546,6,96
"5/29/2014","Thursday",1850,1318,532,253,192,61,228,797,66,330,294,1127,1685,14,151
"5/28/2014","Wednesday",1815,1292,523,199,161,38,249,798,72,332,321,1130,1656,10,149
"5/27/2014","Tuesday",1880,1300,580,260,190,70,227,790,64,346,291,1136,1695,5,180
"5/26/2014","Monday",1084,832,252,127,106,21,163,535,47,159,210,694,1038,9,37
"5/25/2014","Sunday",867,627,240,133,108,25,119,386,39,170,158,556,853,0,14
"5/24/2014","Saturday",1029,698,331,160,107,53,128,446,58,208,186,654,1007,0,22
"5/23/2014","Friday",1563,1029,534,217,158,59,192,627,67,333,259,960,1442,20,101
"5/22/2014","Thursday",1630,1201,429,195,154,41,223,754,57,282,280,1036,1521,4,105
"5/21/2014","Wednesday",1796,1250,546,209,153,56,258,738,67,330,325,1068,1608,11,177
"5/20/2014","Tuesday",2111,1452,659,248,170,78,287,862,72,378,359,1240,1854,22,235
"5/19/2014","Monday",2036,1362,674,235,178,57,245,836,78,419,323,1255,1821,33,182
"5/18/2014","Sunday",1285,1025,260,165,121,44,195,686,34,170,229,856,1258,0,27
"5/17/2014","Saturday",1310,949,361,184,146,38,181,594,53,260,234,854,1278,1,31
"5/16/2014","Friday",1834,1231,603,238,168,70,252,729,73,399,325,1128,1701,5,128
"5/15/2014","Thursday",1993,1413,580,245,182,63,235,884,76,380,311,1264,1830,7,156
"5/14/2014","Wednesday",1972,1334,638,260,190,70,260,780,94,364,354,1144,1769,12,191
"5/13/2014","Tuesday",2092,1452,640,265,208,57,284,855,79,389,363,1244,1879,19,194
"5/12/2014","Monday",2212,1494,718,274,209,65,270,871,91,419,361,1290,1934,28,250
"5/11/2014","Sunday",946,771,175,141,113,28,148,496,21,118,169,614,927,0,19
"5/10/2014","Saturday",1215,879,336,165,120,45,173,567,47,235,220,802,1190,2,23
"5/9/2014","Friday",1717,1142,575,227,155,72,224,703,88,355,312,1058,1603,7,107
"5/8/2014","Thursday",1924,1350,574,265,198,67,237,825,60,376,297,1201,1770,11,143
"5/7/2014","Wednesday",2034,1392,642,302,223,79,287,802,90,373,377,1175,1863,12,159
"5/6/2014","Tuesday",2170,1501,669,262,191,71,288,916,92,382,380,1298,1953,28,189
"5/5/2014","Monday",2206,1536,670,272,214,58,300,928,90,420,390,1348,2017,15,174
"5/4/2014","Sunday",1395,1102,293,200,165,35,225,693,42,209,267,902,1378,0,17
"5/3/2014","Saturday",1457,1060,397,208,160,48,212,661,57,286,269,947,1435,0,22
"5/2/2014","Friday",1942,1339,603,283,198,85,263,809,94,356,357,1165,1812,11,119
"5/1/2014","Thursday",2157,1501,656,308,241,67,291,881,86,410,377,1291,1988,17,152
"4/30/2014","Wednesday",2113,1461,652,257,206,51,262,874,96,413,358,1287,1917,17,179
"4/29/2014","Tuesday",2108,1474,634,285,225,60,301,839,71,354,372,1193,1861,17,230
"4/28/2014","Monday",2087,1459,628,266,200,66,245,917,79,371,324,1288,1891,27,169
"4/27/2014","Sunday",1393,1104,289,205,157,48,197,733,48,189,245,922,1380,1,12
"4/26/2014","Saturday",1303,890,413,178,126,52,180,573,67,289,247,862,1293,1,9
"4/25/2014","Friday",1896,1263,633,243,178,65,247,780,69,420,316,1200,1767,9,120
"4/24/2014","Thursday",1903,1308,595,275,206,69,226,801,84,372,310,1173,1764,18,121
"4/23/2014","Wednesday",1975,1406,569,251,193,58,274,847,82,339,356,1186,1808,9,158
"4/22/2014","Tuesday",1940,1441,499,229,176,53,293,886,77,321,370,1207,1813,9,118
"4/21/2014","Monday",2061,1529,532,256,207,49,290,957,54,334,344,1291,1899,18,144
"4/20/2014","Sunday",796,698,98,127,119,8,141,429,15,70,156,499,786,0,10
"4/19/2014","Saturday",984,723,261,158,116,42,123,468,24,189,147,657,970,2,12
"4/18/2014","Friday",1464,1037,427,206,162,44,217,632,63,291,280,923,1418,6,40
"4/17/2014","Thursday",1629,1141,488,204,150,54,233,705,55,302,288,1007,1507,23,99
"4/16/2014","Wednesday",1943,1422,521,230,191,39,288,855,64,327,352,1182,1772,21,150
"4/15/2014","Tuesday",1948,1398,550,280,228,52,244,824,65,335,309,1159,1765,32,151
"4/14/2014","Monday",2086,1537,549,317,254,63,295,922,70,327,365,1249,1939,17,130
"4/13/2014","Sunday",1350,1091,259,187,158,29,259,663,36,183,295,846,1338,1,11
"4/12/2014","Saturday",1295,969,326,197,160,37,217,575,58,212,275,787,1266,0,29
"4/11/2014","Friday",1766,1298,468,259,198,61,264,777,51,300,315,1077,1664,21,81
"4/10/2014","Thursday",2004,1449,555,299,230,69,294,851,52,360,346,1211,1867,13,124
"4/9/2014","Wednesday",2142,1454,688,311,231,80,279,880,93,437,372,1317,2006,19,117
"4/8/2014","Tuesday",2272,1592,680,293,226,67,299,985,92,420,391,1405,2097,23,152
"4/7/2014","Monday",2463,1753,710,340,272,68,345,1066,87,450,432,1516,2300,36,127
"4/6/2014","Sunday",1629,1287,342,251,212,39,253,802,53,246,306,1048,1612,0,17
"4/5/2014","Saturday",1685,1232,453,244,186,58,244,781,59,332,303,1113,1672,0,13
"4/4/2014","Friday",2348,1632,716,324,241,83,349,977,104,462,453,1439,2234,12,102
"4/3/2014","Thursday",2465,1760,705,323,240,83,364,1093,99,451,463,1544,2341,13,111
"4/2/2014","Wednesday",2547,1812,735,339,267,72,377,1087,91,478,468,1565,2392,23,132
"4/1/2014","Tuesday",2534,1826,708,365,286,79,351,1117,93,456,444,1573,2399,20,115
"3/31/2014","Monday",2484,1820,664,365,290,75,347,1117,82,424,429,1541,2345,27,112
"3/30/2014","Sunday",1622,1295,327,248,203,45,274,805,35,239,309,1044,1606,2,14
"3/29/2014","Saturday",1667,1222,445,282,223,59,233,753,77,303,310,1056,1654,2,11
"3/28/2014","Friday",2050,1438,612,298,233,65,291,855,80,407,371,1262,1943,22,85
"3/27/2014","Thursday",2297,1638,659,334,248,86,312,989,96,410,408,1399,2148,22,127
"3/26/2014","Wednesday",2312,1678,634,336,265,71,358,976,89,415,447,1391,2191,22,99
"3/25/2014","Tuesday",2255,1578,677,340,256,84,335,912,79,445,414,1357,2121,15,119
"3/24/2014","Monday",2394,1679,715,332,251,81,342,1015,104,442,446,1457,2253,32,109
"3/23/2014","Sunday",1739,1399,340,257,219,38,281,883,53,243,334,1126,1723,0,16
"3/22/2014","Saturday",1782,1330,452,295,231,64,295,791,65,314,360,1105,1769,1,12
"3/21/2014","Friday",2144,1514,630,323,243,80,299,906,69,407,368,1313,2015,26,103
"3/20/2014","Thursday",2525,1850,675,400,306,94,384,1077,106,398,490,1475,2378,19,128
"3/19/2014","Wednesday",2524,1784,740,353,271,82,360,1081,108,470,468,1551,2382,29,113
"3/18/2014","Tuesday",2653,1922,731,367,286,81,412,1137,106,459,518,1596,2495,35,123
"3/17/2014","Monday",2760,1913,847,355,264,91,389,1198,115,542,504,1740,2611,34,115
"3/16/2014","Sunday",2028,1617,411,333,283,50,328,979,59,293,387,1272,2006,0,22
"3/15/2014","Saturday",1994,1478,516,328,259,69,317,888,97,340,414,1228,1979,3,12
"3/14/2014","Friday",2524,1804,720,381,293,88,349,1110,79,509,428,1619,2436,12,76
"3/13/2014","Thursday",2686,1914,772,392,299,93,393,1166,94,522,487,1688,2574,27,85
"3/12/2014","Wednesday",2807,1979,828,390,299,91,416,1200,105,532,521,1732,2656,35,116
"3/11/2014","Tuesday",2818,1966,852,389,281,108,324,1279,120,551,444,1830,2672,21,125
"3/10/2014","Monday",3085,2239,846,407,316,91,430,1415,140,533,570,1948,2934,33,118
"3/9/2014","Sunday",2204,1738,466,322,270,52,359,1079,64,339,423,1418,2176,3,25
"3/8/2014","Saturday",2297,1718,579,360,283,77,360,1061,92,406,452,1467,2290,1,6
"3/7/2014","Friday",2862,2012,850,430,318,112,416,1210,128,548,544,1758,2753,23,86
"3/6/2014","Thursday",3210,2279,931,440,330,110,445,1426,131,589,576,2015,3048,38,124
"3/5/2014","Wednesday",3354,2391,963,488,378,110,492,1438,122,666,614,2104,3231,17,106
"3/4/2014","Tuesday",3358,2389,969,510,389,121,470,1448,113,653,583,2101,3212,32,114
"3/3/2014","Monday",3481,2538,943,489,390,99,503,1578,110,656,613,2234,3353,35,93
"3/2/2014","Sunday",2501,2040,461,384,300,84,431,1282,74,300,505,1582,2484,0,17
"3/1/2014","Saturday",2586,1930,656,407,324,83,384,1202,94,468,478,1670,2566,0,20
"2/28/2014","Friday",2874,2008,866,440,344,96,431,1193,116,594,547,1787,2787,30,57
"2/27/2014","Thursday",3136,2214,922,474,357,117,492,1304,114,590,606,1894,2985,46,105
"2/26/2014","Wednesday",3002,2108,894,439,339,100,420,1280,136,556,556,1836,2849,58,95
"2/25/2014","Tuesday",3096,2201,895,434,322,112,419,1370,116,605,535,1975,2960,31,105
"2/24/2014","Monday",3314,2397,917,491,382,109,483,1479,129,599,612,2078,3188,36,90
"2/23/2014","Sunday",2265,1782,483,373,311,62,343,1106,70,341,413,1447,2248,3,14
"2/22/2014","Saturday",2182,1580,602,339,259,80,342,962,102,413,444,1375,2173,0,9
"2/21/2014","Friday",2824,1957,867,459,334,125,393,1189,116,575,509,1764,2744,23,57
"2/20/2014","Thursday",2968,2128,840,466,352,114,467,1252,109,543,576,1795,2849,33,86
"2/19/2014","Wednesday",2804,1997,807,407,313,94,404,1229,110,540,514,1769,2695,28,81
"2/18/2014","Tuesday",2962,2145,817,417,325,92,434,1337,98,566,532,1903,2870,19,73
"2/17/2014","Monday",3052,2173,879,445,336,109,440,1352,129,612,569,1964,2983,9,60
"2/16/2014","Sunday",2338,1850,488,363,298,65,384,1149,73,339,457,1488,2327,1,10
"2/15/2014","Saturday",2523,1854,669,408,324,84,387,1126,107,468,494,1594,2508,2,13
"2/14/2014","Friday",2379,1602,777,360,266,94,354,954,120,527,474,1481,2325,21,33
"2/13/2014","Thursday",2725,1934,791,408,302,106,419,1164,101,549,520,1713,2653,9,63
"2/12/2014","Wednesday",2801,2092,709,448,345,103,426,1277,105,470,531,1747,2735,7,59
"2/11/2014","Tuesday",3021,2135,886,419,326,93,456,1297,143,586,599,1883,2917,29,75
"2/10/2014","Monday",3400,2423,977,484,360,124,499,1512,143,644,642,2156,3297,41,62
"2/9/2014","Sunday",2491,1991,500,384,323,61,419,1231,91,342,510,1573,2482,0,9
"2/8/2014","Saturday",2712,2034,678,438,337,101,444,1231,96,473,540,1704,2695,3,14
"2/7/2014","Friday",2896,1912,984,429,304,125,413,1156,155,644,568,1800,2809,33,54
"2/6/2014","Thursday",2819,2189,630,359,278,81,458,1417,98,388,556,1805,2730,39,50
"2/5/2014","Wednesday",2933,2112,821,406,316,90,435,1312,118,551,553,1863,2835,36,62
"2/4/2014","Tuesday",2866,2004,862,399,303,96,407,1231,128,572,535,1803,2756,35,75
"2/3/2014","Monday",3099,2234,865,451,350,101,460,1380,125,572,585,1952,3001,39,59
"2/2/2014","Sunday",2023,1588,435,309,255,54,315,998,67,305,382,1303,2007,1,15
"2/1/2014","Saturday",2361,1813,548,377,295,82,390,1112,77,386,467,1498,2347,1,13
"1/31/2014","Friday",2590,1861,729,432,325,107,368,1141,107,477,475,1618,2535,17,38
"1/30/2014","Thursday",2599,1835,764,410,324,86,353,1118,109,496,462,1614,2497,40,62
"1/29/2014","Wednesday",2418,1725,693,367,266,101,346,1089,109,428,455,1517,2343,36,39
"1/28/2014","Tuesday",2359,1713,646,326,243,83,325,1107,79,446,404,1553,2297,18,44
"1/27/2014","Monday",2598,1839,759,369,294,75,336,1166,106,512,442,1678,2497,37,64
"1/26/2014","Sunday",1920,1563,357,294,237,57,330,984,72,223,402,1207,1913,1,6
"1/25/2014","Saturday",2052,1548,504,290,221,69,276,1034,62,368,338,1402,2040,2,10
"1/24/2014","Friday",2515,1783,732,353,273,80,309,1173,95,517,404,1690,2458,28,29
"1/23/2014","Thursday",2632,1864,768,369,272,97,332,1219,96,512,428,1731,2540,36,56
"1/22/2014","Wednesday",2654,1885,769,367,287,80,382,1175,92,552,474,1727,2584,27,43
"1/21/2014","Tuesday",2543,1874,669,329,243,86,373,1226,75,463,448,1689,2478,26,39
"1/20/2014","Monday",2687,1956,731,398,316,82,362,1249,96,518,458,1767,2642,17,28
"1/19/2014","Sunday",2227,1799,428,296,245,51,385,1146,68,302,453,1448,2203,4,20
"1/18/2014","Saturday",2328,1741,587,329,249,80,331,1145,76,427,407,1572,2317,3,8
"1/17/2014","Friday",2986,2133,853,411,321,90,436,1347,113,583,549,1930,2908,35,43
"1/16/2014","Thursday",3248,2386,862,423,347,76,471,1527,124,608,595,2135,3171,26,51
"1/15/2014","Wednesday",3407,2533,874,501,396,105,477,1622,110,574,587,2196,3302,44,61
"1/14/2014","Tuesday",3428,2497,931,496,379,117,452,1617,111,617,563,2234,3306,68,54
"1/13/2014","Monday",3491,2561,930,451,336,115,469,1717,124,637,593,2354,3408,27,56
"1/12/2014","Sunday",2758,2268,490,393,337,56,408,1495,72,357,480,1852,2737,1,20
"1/11/2014","Saturday",2837,2174,663,409,324,85,437,1400,114,462,551,1862,2836,0,1
"1/10/2014","Friday",3375,2492,883,465,371,94,439,1639,119,598,558,2237,3277,48,50
"1/9/2014","Thursday",3465,2583,882,456,350,106,507,1687,114,616,621,2303,3395,26,44
"1/8/2014","Wednesday",3528,2676,852,501,401,100,487,1738,130,565,617,2303,3430,36,62
"1/7/2014","Tuesday",3444,2625,819,451,368,83,477,1740,124,565,601,2305,3369,25,50
"1/6/2014","Monday",3542,2694,848,435,347,88,474,1837,119,592,593,2429,3474,23,45
"1/5/2014","Sunday",2784,2319,465,346,284,62,433,1584,66,330,499,1914,2774,0,10
"1/4/2014","Saturday",2919,2195,724,390,293,97,399,1485,111,510,510,1995,2907,1,11
"1/3/2014","Friday",3585,2679,906,479,394,85,484,1767,119,684,603,2451,3543,11,31
"1/2/2014","Thursday",3553,2661,892,471,369,102,479,1777,118,642,597,2419,3503,15,35
"1/1/2014","Wednesday",2164,1790,374,319,269,50,326,1178,71,252,397,1430,2153,0,11
"12/31/2013","Tuesday",1778,1331,447,247,189,58,232,897,63,303,295,1200,1744,14,20
"12/30/2013","Monday",2479,1891,588,285,223,62,368,1252,80,401,448,1653,2395,31,53
"12/29/2013","Sunday",1899,1538,361,245,210,35,262,1052,36,285,298,1337,1888,1,10
"12/28/2013","Saturday",1898,1454,444,258,203,55,262,980,73,313,335,1293,1894,1,3
"12/27/2013","Friday",2335,1717,618,261,195,66,365,1137,78,458,443,1595,2305,3,27
"12/26/2013","Thursday",2148,1581,567,292,229,63,269,1061,72,421,341,1482,2123,1,24
"12/25/2013","Wednesday",439,439,0,70,70,0,83,273,0,0,83,273,433,0,6
"12/24/2013","Tuesday",616,474,142,83,71,12,85,309,24,103,109,412,609,0,7
"12/23/2013","Monday",988,697,291,120,95,25,128,461,46,212,174,673,969,3,16
"12/22/2013","Sunday",887,683,204,127,106,21,115,450,29,147,144,597,873,1,13
"12/21/2013","Saturday",967,685,282,118,84,34,113,482,24,219,137,701,962,0,5
"12/20/2013","Friday",1319,914,405,183,139,44,160,600,43,301,203,901,1291,6,22
"12/19/2013","Thursday",1607,1118,489,191,147,44,201,731,60,354,261,1085,1549,10,48
"12/18/2013","Wednesday",1642,1163,479,192,148,44,183,791,65,337,248,1128,1573,14,55
"12/17/2013","Tuesday",1689,1199,490,156,111,45,222,830,47,362,269,1192,1625,14,50
"12/16/2013","Monday",1928,1281,647,231,174,57,225,848,72,465,297,1313,1855,27,46
"12/15/2013","Sunday",1291,1041,250,160,139,21,176,709,28,190,204,899,1272,5,14
"12/14/2013","Saturday",1239,907,332,151,118,33,140,639,41,250,181,889,1226,1,12
"12/13/2013","Friday",1659,1119,540,204,148,56,217,727,71,377,288,1104,1599,15,45
"12/12/2013","Thursday",1786,1192,594,195,146,49,202,802,68,428,270,1230,1703,30,53
"12/11/2013","Wednesday",2035,1365,670,226,157,69,226,941,73,482,299,1423,1955,18,62
"12/10/2013","Tuesday",2158,1434,724,270,182,88,238,969,82,503,320,1472,2072,31,55
"12/9/2013","Monday",2132,1701,431,255,216,39,259,1167,70,290,329,1457,2049,11,72
"12/8/2013","Sunday",1460,1385,75,173,166,7,232,975,14,53,246,1028,1450,0,10
"12/7/2013","Saturday",1467,1396,71,182,171,11,274,929,10,48,284,977,1451,0,16
"12/6/2013","Friday",1742,1654,88,197,189,8,278,1142,7,66,285,1208,1701,1,40
"12/5/2013","Thursday",2259,1627,632,294,217,77,287,1072,84,442,371,1514,2184,11,64
"12/4/2013","Wednesday",2484,1784,700,270,216,54,318,1193,93,501,411,1694,2382,22,80
"12/3/2013","Tuesday",2659,1826,833,303,232,71,318,1221,109,593,427,1814,2552,23,84
"12/2/2013","Monday",2692,1900,792,291,221,70,315,1309,104,566,419,1875,2597,19,76
"12/1/2013","Sunday",1833,1432,401,216,174,42,237,1005,53,300,290,1305,1819,0,14
"11/30/2013","Saturday",1669,1187,482,189,138,51,200,832,71,357,271,1189,1658,0,11
"11/29/2013","Friday",1774,1175,599,232,160,72,229,773,73,446,302,1219,1760,1,13
"11/28/2013","Thursday",525,525,0,78,78,0,100,341,0,0,100,341,523,0,2
"11/27/2013","Wednesday",1401,969,432,182,136,46,147,665,59,314,206,979,1371,8,22
"11/26/2013","Tuesday",1747,1209,538,197,151,46,225,796,70,392,295,1188,1691,14,42
"11/25/2013","Monday",1947,1320,627,198,144,54,244,897,74,466,318,1363,1885,14,48
"11/24/2013","Sunday",1604,1248,356,197,157,40,231,835,45,264,276,1099,1583,0,21
"11/23/2013","Saturday",1592,1166,426,213,158,55,221,773,46,316,267,1089,1575,0,17
"11/22/2013","Friday",2093,1454,639,263,207,56,256,962,79,460,335,1422,2029,19,45
"11/21/2013","Thursday",2316,1618,698,304,212,92,283,1088,85,474,368,1562,2238,22,56
"11/20/2013","Wednesday",2507,1716,791,276,215,61,327,1126,63,466,390,1592,2265,164,78
"11/19/2013","Tuesday",2285,1558,727,260,181,79,316,1018,96,496,412,1514,2198,18,69
"11/18/2013","Monday",2574,1818,756,307,236,71,321,1188,94,534,415,1722,2456,23,95
"11/17/2013","Sunday",1902,1501,401,237,192,45,295,997,55,293,350,1290,1885,1,16
"11/16/2013","Saturday",1990,1441,549,223,167,56,275,962,68,414,343,1376,1949,1,40
"11/15/2013","Friday",2447,1738,709,296,222,74,305,1161,93,495,398,1656,2362,24,61
"11/14/2013","Thursday",2645,1908,737,309,225,84,318,1283,88,522,406,1805,2531,21,93
"11/13/2013","Wednesday",2655,1899,756,340,249,91,350,1223,76,526,426,1749,2525,30,100
"11/12/2013","Tuesday",2639,1845,794,318,233,85,344,1202,100,551,444,1753,2526,32,81
"11/11/2013","Monday",2750,1926,824,299,228,71,337,1303,99,598,436,1901,2645,28,77
"11/10/2013","Sunday",1996,1553,443,274,219,55,278,1028,74,304,352,1332,1961,0,35
"11/9/2013","Saturday",2167,1597,570,269,205,64,323,1044,72,427,395,1471,2139,1,27
"11/8/2013","Friday",2566,1804,762,301,215,86,339,1204,86,540,425,1744,2477,14,75
"11/7/2013","Thursday",2685,1876,809,315,232,83,322,1258,109,563,431,1821,2581,20,84
"11/6/2013","Wednesday",2797,1984,813,295,214,81,351,1357,118,558,469,1915,2686,29,82
"11/5/2013","Tuesday",2963,2166,797,331,271,60,383,1422,87,587,470,2009,2824,34,105
"11/4/2013","Monday",3111,2282,829,361,276,85,402,1516,85,609,487,2125,2985,28,98
"11/3/2013","Sunday",2169,1800,369,236,214,22,339,1222,57,282,396,1504,2140,0,29
"11/2/2013","Saturday",2252,1702,550,309,249,60,291,1131,88,387,379,1518,2216,2,34
"11/1/2013","Friday",2424,1826,598,330,267,63,333,1180,83,428,416,1608,2371,6,47
"10/31/2013","Thursday",1628,1147,481,197,150,47,219,745,71,321,290,1066,1555,31,42
"10/30/2013","Wednesday",2086,1478,608,276,202,74,284,937,82,413,366,1350,2006,19,61
"10/29/2013","Tuesday",2179,1533,646,290,208,82,301,980,82,436,383,1416,2097,27,55
"10/28/2013","Monday",2354,1690,664,265,202,63,296,1146,91,464,387,1610,2280,27,47
"10/27/2013","Sunday",1727,1376,351,243,194,49,251,902,54,241,305,1143,1703,0,24
"10/26/2013","Saturday",1574,1123,451,196,150,46,196,752,73,326,269,1078,1556,1,17
"10/25/2013","Friday",1993,1391,602,283,211,72,261,894,80,421,341,1315,1946,16,31
"10/24/2013","Thursday",2141,1526,615,284,217,67,272,983,81,423,353,1406,2055,32,54
"10/23/2013","Wednesday",2312,1654,658,314,231,83,306,1079,75,444,381,1523,2224,41,47
"10/22/2013","Tuesday",2391,1686,705,310,224,86,285,1131,92,468,377,1599,2294,47,50
"10/21/2013","Monday",2412,1721,691,278,214,64,298,1174,87,479,385,1653,2327,32,53
"10/20/2013","Sunday",1716,1368,348,223,174,49,257,915,44,251,301,1166,1697,0,19
"10/19/2013","Saturday",1769,1278,491,224,172,52,242,846,79,349,321,1195,1752,1,16
"10/18/2013","Friday",2245,1515,730,291,216,75,282,989,98,514,380,1503,2190,32,23
"10/17/2013","Thursday",2435,1708,727,329,235,94,297,1147,97,483,394,1630,2365,40,30
"10/16/2013","Wednesday",2395,1724,671,319,240,79,307,1134,81,450,388,1584,2300,47,48
"10/15/2013","Tuesday",2347,1668,679,289,214,75,280,1134,91,440,371,1574,2245,63,39
"10/14/2013","Monday",2499,1804,695,321,263,58,324,1181,103,477,427,1658,2421,29,49
"10/13/2013","Sunday",1783,1405,378,227,189,38,263,929,48,288,311,1217,1762,1,20
"10/12/2013","Saturday",1778,1303,475,228,176,52,209,898,74,340,283,1238,1762,4,12
"10/11/2013","Friday",2361,1582,779,340,240,100,299,1015,95,541,394,1556,2303,32,26
"10/10/2013","Thursday",2370,1625,745,311,235,76,295,1064,82,529,377,1593,2295,46,29
"10/9/2013","Wednesday",2507,1807,700,357,281,76,317,1179,77,482,394,1661,2425,48,34
"10/8/2013","Tuesday",2500,1791,709,329,252,77,310,1198,92,472,402,1670,2412,54,34
"10/7/2013","Monday",2682,1871,811,337,250,87,312,1277,98,552,410,1829,2581,52,49
"10/6/2013","Sunday",1940,1564,376,247,223,24,269,1055,52,293,321,1348,1925,3,12
"10/5/2013","Saturday",1937,1427,510,271,206,65,260,942,70,371,330,1313,1927,0,10
"10/4/2013","Friday",2461,1647,814,324,224,100,312,1081,95,510,407,1591,2336,98,27
"10/3/2013","Thursday",2713,1921,792,372,284,88,343,1261,95,548,438,1809,2639,41,33
"10/2/2013","Wednesday",2670,1934,736,352,265,87,355,1271,104,483,459,1754,2582,46,42
"10/1/2013","Tuesday",2716,1893,823,361,274,87,383,1196,128,550,511,1746,2636,47,33
"9/30/2013","Monday",2614,1838,776,304,218,86,358,1235,108,509,466,1744,2524,56,34
"9/29/2013","Sunday",1768,1429,339,224,182,42,283,951,42,246,325,1197,1754,4,10
"9/28/2013","Saturday",1733,1252,481,258,203,55,193,845,81,341,274,1186,1724,0,9
"9/27/2013","Friday",2205,1507,698,301,218,83,290,977,97,476,387,1453,2155,32,18
"9/26/2013","Thursday",2250,1535,715,320,225,95,274,1014,99,466,373,1480,2186,40,24
"9/25/2013","Wednesday",2250,1603,647,292,214,78,290,1075,80,436,370,1511,2180,46,24
"9/24/2013","Tuesday",2421,1676,745,309,231,78,311,1109,99,482,410,1591,2321,69,31
"9/23/2013","Monday",2607,1839,768,354,268,86,316,1229,103,528,419,1757,2542,39,26
"9/22/2013","Sunday",1766,1259,507,237,173,64,252,827,87,352,339,1179,1760,3,3
"9/21/2013","Saturday",1283,744,539,157,103,54,113,517,73,402,186,919,1274,1,8
"9/20/2013","Friday",2290,1589,701,311,230,81,303,1042,98,471,401,1513,2231,44,15
"9/19/2013","Thursday",2376,1696,680,318,225,93,344,1107,87,434,431,1541,2297,54,25
"9/18/2013","Wednesday",2315,1640,675,321,247,74,281,1095,80,423,361,1518,2207,86,22
"9/17/2013","Tuesday",2438,1703,735,316,236,80,333,1105,103,464,436,1569,2330,73,35
"9/16/2013","Monday",2702,1970,732,319,249,70,378,1310,94,489,472,1799,2603,67,32
"9/15/2013","Sunday",1913,1569,344,256,229,27,290,1034,63,250,353,1284,1905,1,7
"9/14/2013","Saturday",1871,1375,496,280,219,61,256,892,77,351,333,1243,1864,4,3
"9/13/2013","Friday",2428,1694,734,325,250,75,362,1060,106,483,468,1543,2345,63,20
"9/12/2013","Thursday",2519,1836,683,316,244,72,346,1219,90,454,436,1673,2439,59,21
"9/11/2013","Wednesday",2520,1781,739,368,275,93,302,1183,90,463,392,1646,2420,80,20
"9/10/2013","Tuesday",2503,1729,774,318,230,88,311,1164,95,513,406,1677,2409,73,21
"9/9/2013","Monday",2752,1965,787,348,270,78,373,1292,106,507,479,1799,2640,85,27
"9/8/2013","Sunday",1931,1559,372,284,223,61,302,1020,43,264,345,1284,1923,2,6
"9/7/2013","Saturday",1897,1397,500,260,211,49,265,910,76,367,341,1277,1886,5,6
"9/6/2013","Friday",2410,1584,826,352,246,106,304,1021,109,544,413,1565,2340,56,14
"9/5/2013","Thursday",2724,1848,876,362,264,98,344,1214,107,570,451,1784,2607,95,22
"9/4/2013","Wednesday",2569,1807,762,351,259,92,322,1205,107,495,429,1700,2485,61,23
"9/3/2013","Tuesday",2498,1752,746,342,260,82,312,1161,110,495,422,1656,2431,54,13
"9/2/2013","Monday",1770,1379,391,231,187,44,258,925,49,266,307,1191,1735,27,8
"9/1/2013","Sunday",1397,1097,300,222,185,37,208,691,59,201,267,892,1393,1,3
"8/31/2013","Saturday",1517,1120,397,223,167,56,221,716,57,280,278,996,1507,0,10
"8/30/2013","Friday",2077,1422,655,313,237,76,259,916,72,415,331,1331,1980,83,14
"8/29/2013","Thursday",2062,1416,646,304,216,88,263,914,84,350,347,1264,1925,110,27
"8/28/2013","Wednesday",2000,1396,604,269,186,83,252,929,85,348,337,1277,1892,79,29
"8/27/2013","Tuesday",1869,1283,586,207,162,45,229,869,78,381,307,1250,1772,73,24
"8/26/2013","Monday",1977,1364,613,259,193,66,247,908,71,346,318,1254,1837,120,20
"8/25/2013","Sunday",1310,1051,259,188,159,29,214,663,31,196,245,859,1297,1,12
"8/24/2013","Saturday",1366,994,372,188,145,43,192,652,53,264,245,916,1351,10,5
"8/23/2013","Friday",1820,1243,577,230,173,57,233,822,85,387,318,1209,1763,39,18
"8/22/2013","Thursday",1899,1300,599,285,205,80,225,853,78,335,303,1188,1783,80,36
"8/21/2013","Wednesday",1948,1330,618,247,188,59,242,876,93,384,335,1260,1849,71,28
"8/20/2013","Tuesday",1988,1356,632,261,197,64,273,850,82,392,355,1242,1864,78,46
"8/19/2013","Monday",2016,1459,557,299,231,68,263,921,71,325,334,1246,1889,74,53
"8/18/2013","Sunday",1424,1105,319,216,177,39,216,695,39,225,255,920,1399,7,18
"8/17/2013","Saturday",1461,1083,378,202,158,44,215,699,57,275,272,974,1454,2,5
"8/16/2013","Friday",2004,1404,600,294,224,70,254,905,93,374,347,1279,1927,52,25
"8/15/2013","Thursday",2152,1510,642,283,223,60,263,988,62,432,325,1420,2036,74,42
"8/14/2013","Wednesday",1985,1411,574,265,212,53,222,946,73,375,295,1321,1887,56,42
"8/13/2013","Tuesday",2025,1402,623,287,212,75,287,876,77,368,364,1244,1900,77,48
"8/12/2013","Monday",2111,1502,609,298,222,76,268,965,99,364,367,1329,2002,42,67
"8/11/2013","Sunday",1410,1131,279,205,174,31,216,724,41,201,257,925,1394,2,14
"8/10/2013","Saturday",1351,1021,330,221,169,52,178,664,55,220,233,884,1345,1,5
"8/9/2013","Friday",1919,1369,550,270,203,67,278,869,69,373,347,1242,1862,27,30
"8/8/2013","Thursday",1861,1311,550,246,195,51,213,870,66,335,279,1205,1737,70,54
"8/7/2013","Wednesday",2008,1359,649,274,203,71,241,864,75,394,316,1258,1854,72,82
"8/6/2013","Tuesday",2039,1433,606,260,198,62,268,897,80,385,348,1282,1897,56,86
"8/5/2013","Monday",2008,1378,630,286,227,59,252,843,73,390,325,1233,1854,57,97
"8/4/2013","Sunday",1316,1021,295,175,145,30,199,663,36,225,235,888,1306,1,9
"8/3/2013","Saturday",1384,1011,373,214,164,50,186,652,65,250,251,902,1374,2,8
"8/2/2013","Friday",1833,1263,570,286,212,74,228,800,79,377,307,1177,1779,22,32
"8/1/2013","Thursday",2236,1579,657,354,269,85,307,936,72,391,379,1327,2069,78,89
"7/31/2013","Wednesday",1888,1299,589,274,200,74,220,826,69,377,289,1203,1771,34,83
"7/30/2013","Tuesday",1811,1307,504,277,209,68,232,798,57,327,289,1125,1697,14,100
"7/29/2013","Monday",1967,1385,582,274,208,66,278,815,75,343,353,1158,1792,54,121
"7/28/2013","Sunday",1177,929,248,188,154,34,165,589,29,181,194,770,1157,1,19
"7/27/2013","Saturday",1217,881,336,181,138,43,165,567,52,237,217,804,1206,1,10
"7/26/2013","Friday",1615,1091,524,248,185,63,169,701,64,333,233,1034,1522,41,52
"7/25/2013","Thursday",1645,1139,506,262,210,52,180,706,72,322,252,1028,1552,24,69
"7/24/2013","Wednesday",1737,1179,558,249,173,76,196,740,61,369,257,1109,1623,17,97
"7/23/2013","Tuesday",1777,1220,557,235,164,71,200,796,70,342,270,1138,1650,31,96
"7/22/2013","Monday",1978,1361,617,272,209,63,230,862,75,373,305,1235,1820,59,99
"7/21/2013","Sunday",1181,904,277,169,140,29,169,576,42,199,211,775,1160,2,19
"7/20/2013","Saturday",1266,946,320,210,168,42,165,602,53,217,218,819,1251,2,13
"7/19/2013","Friday",1771,1219,552,255,202,53,202,777,78,363,280,1140,1682,35,54
"7/18/2013","Thursday",1947,1338,609,282,219,63,238,827,87,394,325,1221,1834,23,90
"7/17/2013","Wednesday",1965,1345,620,280,213,67,234,846,74,395,308,1241,1839,34,92
"7/16/2013","Tuesday",1828,1276,552,265,203,62,202,809,70,360,272,1169,1713,9,106
"7/15/2013","Monday",2130,1460,670,274,208,66,250,950,87,419,337,1369,1990,34,106
"7/14/2013","Sunday",1198,935,263,185,152,33,168,596,41,183,209,779,1181,0,17
"7/13/2013","Saturday",1334,963,371,213,164,49,152,641,51,263,203,904,1322,2,10
"7/12/2013","Friday",1817,1254,563,254,185,69,224,805,80,368,304,1173,1738,13,66
"7/11/2013","Thursday",1800,1246,554,244,177,67,222,807,59,355,281,1162,1696,31,73
"7/10/2013","Wednesday",1942,1376,566,264,192,72,251,879,79,364,330,1243,1850,17,75
"7/9/2013","Tuesday",2075,1451,624,271,200,71,244,935,86,395,330,1330,1942,23,110
"7/8/2013","Monday",2136,1460,676,274,204,70,277,884,91,431,368,1315,1963,50,123
"7/7/2013","Sunday",1326,1024,302,193,161,32,173,669,49,217,222,886,1305,0,21
"7/6/2013","Saturday",1270,934,336,197,152,45,174,593,38,250,212,843,1257,1,12
"7/5/2013","Friday",1766,1202,564,235,173,62,208,785,77,383,285,1168,1700,11,55
"7/4/2013","Thursday",933,694,239,166,125,41,112,448,47,145,159,593,920,1,12
"7/3/2013","Wednesday",1649,1137,512,233,183,50,219,679,79,337,298,1016,1558,6,85
"7/2/2013","Tuesday",1726,1251,475,224,170,54,208,809,67,300,275,1109,1612,23,91
"7/1/2013","Monday",1988,1426,562,278,213,65,223,904,64,351,287,1255,1832,24,132
"6/30/2013","Sunday",1083,874,209,172,139,33,130,586,33,137,163,723,1065,1,17
"6/29/2013","Saturday",1208,892,316,179,135,44,157,581,40,226,197,807,1192,3,13
"6/28/2013","Friday",1544,1127,417,230,184,46,162,730,52,274,214,1004,1455,9,80
"6/27/2013","Thursday",1597,1107,490,217,158,59,169,717,47,326,216,1043,1482,20,95
"6/26/2013","Wednesday",1579,1113,466,222,159,63,197,686,65,257,262,943,1433,37,109
"6/25/2013","Tuesday",1746,1165,581,218,158,60,167,753,64,310,231,1063,1517,91,138
"6/24/2013","Monday",1745,1241,504,232,178,54,139,845,59,295,198,1140,1577,34,134
"6/23/2013","Sunday",992,780,212,139,117,22,133,510,28,146,161,656,961,9,22
"6/22/2013","Saturday",1006,721,285,142,107,35,132,475,37,207,169,682,997,0,9
"6/21/2013","Friday",1445,1008,437,195,147,48,150,669,59,290,209,959,1369,10,66
"6/20/2013","Thursday",1610,1119,491,191,144,47,170,745,61,294,231,1039,1465,27,118
"6/19/2013","Wednesday",1617,1152,465,195,136,59,166,770,63,275,229,1045,1473,34,110
"6/18/2013","Tuesday",1800,1289,511,210,162,48,187,875,75,311,262,1186,1667,33,100
"6/17/2013","Monday",1706,1204,502,217,162,55,169,814,66,272,235,1086,1544,46,116
"6/16/2013","Sunday",889,692,197,125,96,29,110,474,20,143,130,617,874,0,15
"6/15/2013","Saturday",987,735,252,174,124,50,137,456,41,151,178,607,963,4,20
"6/14/2013","Friday",1464,1041,423,208,158,50,152,673,55,282,207,955,1377,10,77
"6/13/2013","Thursday",1637,1138,499,205,144,61,158,770,61,300,219,1070,1502,17,118
"6/12/2013","Wednesday",1701,1169,532,220,162,58,157,781,62,308,219,1089,1532,29,140
"6/11/2013","Tuesday",1754,1208,546,206,145,61,183,781,68,323,251,1104,1567,18,169
"6/10/2013","Monday",1849,1278,571,206,157,49,188,851,85,348,273,1199,1679,21,149
"6/9/2013","Sunday",1143,890,253,153,118,35,132,617,41,174,173,791,1125,0,18
"6/8/2013","Saturday",1180,848,332,169,123,46,146,561,42,227,188,788,1154,5,21
"6/7/2013","Friday",1644,1153,491,236,179,57,166,745,56,307,222,1052,1516,20,108
"6/6/2013","Thursday",1845,1305,540,227,178,49,179,862,62,333,241,1195,1677,25,143
"6/5/2013","Wednesday",1860,1331,529,265,209,56,179,873,69,317,248,1190,1709,18,133
"6/4/2013","Tuesday",2054,1439,615,253,184,69,223,941,93,349,316,1290,1867,24,163
"6/3/2013","Monday",2164,1553,611,261,186,75,227,1021,98,351,325,1372,1965,22,177
"6/2/2013","Sunday",1291,1009,282,176,147,29,182,659,51,194,233,853,1266,2,23
"6/1/2013","Saturday",1213,901,312,175,140,35,126,613,49,217,175,830,1185,2,26
"5/31/2013","Friday",1700,1157,543,214,162,52,172,758,84,328,256,1086,1562,10,128
"5/30/2013","Thursday",1953,1380,573,234,170,64,205,902,73,328,278,1230,1754,33,166
"5/29/2013","Wednesday",1833,1242,591,217,150,67,177,826,73,344,250,1170,1643,23,167
"5/28/2013","Tuesday",1845,1290,555,219,158,61,185,841,65,340,250,1181,1663,31,151
"5/27/2013","Monday",1121,877,244,162,129,33,135,592,42,145,177,737,1081,13,27
"5/26/2013","Sunday",803,609,194,120,97,23,86,413,28,140,114,553,793,0,10
"5/25/2013","Saturday",1047,755,292,125,96,29,121,518,37,218,158,736,1029,0,18
"5/24/2013","Friday",1493,983,510,183,132,51,143,655,81,303,224,958,1374,28,91
"5/23/2013","Thursday",1802,1187,615,224,165,59,176,775,85,331,261,1106,1596,39,167
"5/22/2013","Wednesday",1848,1241,607,210,148,62,163,826,97,352,260,1178,1656,36,156
"5/21/2013","Tuesday",1693,1388,305,217,187,30,192,905,25,158,217,1063,1505,45,143
"5/20/2013","Monday",2059,1355,704,213,162,51,179,906,92,401,271,1307,1799,79,181
"5/19/2013","Sunday",1276,1041,235,157,138,19,186,689,37,168,223,857,1245,2,29
"5/18/2013","Saturday",1231,914,317,150,124,26,136,633,41,231,177,864,1198,1,32
"5/17/2013","Friday",1811,1208,603,229,173,56,155,812,77,351,232,1163,1627,68,116
"5/16/2013","Thursday",1985,1359,626,239,180,59,192,874,76,384,268,1258,1772,34,179
"5/15/2013","Wednesday",2092,1503,589,242,190,52,224,989,69,349,293,1338,1882,32,178
"5/14/2013","Tuesday",2061,1507,554,239,184,55,214,982,73,341,287,1323,1859,13,189
"5/13/2013","Monday",2275,1620,655,258,193,65,234,1048,70,401,304,1449,2027,36,212
"5/12/2013","Sunday",989,779,210,129,106,23,105,544,34,148,139,692,966,1,22
"5/11/2013","Saturday",1184,883,301,172,134,38,137,591,26,213,163,804,1145,1,38
"5/10/2013","Friday",1765,1238,527,232,181,51,176,807,74,340,250,1147,1635,12,118
"5/9/2013","Thursday",2089,1442,647,243,187,56,186,987,63,421,249,1408,1909,20,160
"5/8/2013","Wednesday",2065,1475,590,256,204,52,199,963,61,377,260,1340,1865,35,165
"5/7/2013","Tuesday",2223,1568,655,253,184,69,241,1032,79,379,320,1411,1988,35,200
"5/6/2013","Monday",2368,1632,736,281,218,63,248,1073,83,460,331,1533,2156,36,176
"5/5/2013","Sunday",1467,1193,274,190,156,34,176,832,36,201,212,1033,1437,0,30
"5/4/2013","Saturday",1505,1118,387,209,167,42,186,741,50,274,236,1015,1469,5,31
"5/3/2013","Friday",2092,1453,639,258,196,62,218,958,75,439,293,1397,1956,21,115
"5/2/2013","Thursday",2329,1669,660,276,221,55,253,1083,74,443,327,1526,2133,20,176
"5/1/2013","Wednesday",2391,1658,733,312,240,72,222,1082,90,445,312,1527,2162,31,198
"4/30/2013","Tuesday",2214,1610,604,270,208,62,224,1064,76,376,300,1440,2018,35,161
"4/29/2013","Monday",2284,1635,649,243,194,49,243,1091,74,423,317,1514,2084,25,175
"4/28/2013","Sunday",1332,1096,236,164,147,17,155,775,34,179,189,954,1313,0,19
"4/27/2013","Saturday",1307,947,360,176,127,49,145,655,50,255,195,910,1287,1,19
"4/26/2013","Friday",1800,1232,568,238,179,59,175,811,76,358,251,1169,1666,20,114
"4/25/2013","Thursday",2064,1456,608,239,177,62,195,1004,73,382,268,1386,1900,22,142
"4/24/2013","Wednesday",2185,1555,630,281,222,59,243,1021,71,369,314,1390,1992,40,153
"4/23/2013","Tuesday",2115,1492,623,257,191,66,200,993,84,378,284,1371,1919,27,169
"4/22/2013","Monday",2271,1578,693,242,175,67,222,1084,87,417,309,1501,2057,36,178
"4/21/2013","Sunday",1475,1203,272,193,163,30,169,851,28,201,197,1052,1447,4,24
"4/20/2013","Saturday",1524,1127,397,219,170,49,183,756,53,277,236,1033,1497,0,27
"4/19/2013","Friday",2000,1392,608,261,194,67,192,961,75,377,267,1338,1870,35,95
"4/18/2013","Thursday",2258,1626,632,297,234,63,246,1061,76,403,322,1464,2094,24,140
"4/17/2013","Wednesday",2231,1585,646,255,190,65,223,1065,74,403,297,1468,2030,20,181
"4/16/2013","Tuesday",2310,1682,628,309,246,63,264,1081,79,382,343,1463,2127,28,155
"4/15/2013","Monday",2579,1746,833,308,229,79,252,1181,94,468,346,1649,2311,117,151
"4/14/2013","Sunday",1660,1358,302,225,197,28,182,956,41,229,223,1185,1638,1,21
"4/13/2013","Saturday",1686,1292,394,226,179,47,189,901,57,280,246,1181,1666,6,14
"4/12/2013","Friday",2187,1447,740,292,210,82,235,928,96,477,331,1405,2039,38,110
"4/11/2013","Thursday",2427,1725,702,312,236,76,276,1121,95,450,371,1571,2267,24,136
"4/10/2013","Wednesday",2422,1731,691,272,209,63,244,1211,83,437,327,1648,2256,46,120
"4/9/2013","Tuesday",2422,1739,683,276,220,56,264,1172,87,422,351,1594,2228,31,163
"4/8/2013","Monday",2731,1917,814,306,222,84,300,1296,86,520,386,1816,2519,30,182
"4/7/2013","Sunday",1816,1458,358,236,197,39,258,988,51,260,309,1248,1802,1,13
"4/6/2013","Saturday",1703,1280,423,232,183,49,223,861,60,310,283,1171,1694,1,8
"4/5/2013","Friday",2361,1631,730,293,214,79,228,1132,80,486,308,1618,2225,33,103
"4/4/2013","Thursday",2540,1852,688,317,247,70,260,1252,83,465,343,1717,2388,27,125
"4/3/2013","Wednesday",2614,1880,734,326,244,82,302,1241,100,450,402,1691,2427,35,152
"4/2/2013","Tuesday",2689,1921,768,339,254,85,301,1300,103,482,404,1782,2531,40,118
"4/1/2013","Monday",2689,1932,757,322,241,81,310,1298,102,511,412,1809,2551,26,112
"3/31/2013","Sunday",949,789,160,146,124,22,124,533,20,116,144,649,940,0,9
"3/30/2013","Saturday",1146,841,305,174,139,35,129,564,35,225,164,789,1135,2,9
"3/29/2013","Friday",1653,1129,524,225,164,61,180,763,63,369,243,1132,1606,12,35
"3/28/2013","Thursday",1993,1407,586,247,191,56,210,954,80,379,290,1333,1876,18,99
"3/27/2013","Wednesday",2120,1498,622,283,218,65,227,990,78,406,305,1396,1993,30,97
"3/26/2013","Tuesday",2186,1537,649,275,213,62,215,1026,91,393,306,1419,2006,28,152
"3/25/2013","Monday",2348,1668,680,297,226,71,233,1142,69,449,302,1591,2200,24,124
"3/24/2013","Sunday",1605,1267,338,211,166,45,181,900,50,230,231,1130,1579,4,22
"3/23/2013","Saturday",1634,1226,408,225,186,39,201,822,58,301,259,1123,1615,1,18
"3/22/2013","Friday",2243,1528,715,291,217,74,249,1001,71,493,320,1494,2117,27,99
"3/21/2013","Thursday",2427,1671,756,323,255,68,236,1108,76,545,312,1653,2300,25,102
"3/20/2013","Wednesday",2572,1793,779,331,238,93,276,1198,90,498,366,1696,2402,31,139
"3/19/2013","Tuesday",2676,1889,787,339,249,90,297,1266,93,506,390,1772,2510,29,137
"3/18/2013","Monday",2812,1975,837,346,262,84,304,1312,115,543,419,1855,2636,39,137
"3/17/2013","Sunday",1895,1469,426,250,209,41,214,1028,55,324,269,1352,1879,1,15
"3/16/2013","Saturday",1861,1398,463,269,216,53,219,949,63,339,282,1288,1845,5,11
"3/15/2013","Friday",2378,1669,709,336,246,90,273,1100,91,462,364,1562,2272,21,85
"3/14/2013","Thursday",2767,1929,838,349,270,79,297,1285,118,545,415,1830,2615,43,109
"3/13/2013","Wednesday",2907,2050,857,334,267,67,318,1384,115,596,433,1980,2758,43,106
"3/12/2013","Tuesday",2895,2052,843,333,267,66,318,1393,105,592,423,1985,2755,37,103
"3/11/2013","Monday",3201,2242,959,414,316,98,348,1509,118,633,466,2142,3037,57,107
"3/10/2013","Sunday",2133,1628,505,284,235,49,286,1080,69,372,355,1452,2101,8,24
"3/9/2013","Saturday",2296,1696,600,315,255,60,252,1171,86,445,338,1616,2276,1,19
"3/8/2013","Friday",2824,1983,841,399,289,110,322,1326,114,554,436,1880,2728,27,69
"3/7/2013","Thursday",3163,2181,982,386,285,101,367,1470,120,667,487,2137,3022,35,106
"3/6/2013","Wednesday",3249,2323,926,391,306,85,369,1571,136,620,505,2191,3097,35,117
"3/5/2013","Tuesday",3294,2327,967,409,307,102,339,1613,119,650,458,2263,3143,48,103
"3/4/2013","Monday",3637,2545,1092,476,373,103,379,1731,145,736,524,2467,3485,36,116
"3/3/2013","Sunday",2742,2143,599,379,313,66,335,1465,69,450,404,1915,2715,1,26
"3/2/2013","Saturday",2645,1919,726,379,302,77,320,1285,96,537,416,1822,2626,4,15
"3/1/2013","Friday",3056,2071,985,416,285,131,328,1409,135,659,463,2068,2965,23,68
"2/28/2013","Thursday",3299,2269,1030,457,329,128,338,1538,135,673,473,2211,3153,45,101
"2/27/2013","Wednesday",3159,2243,916,423,320,103,360,1499,120,608,480,2107,3021,36,102
"2/26/2013","Tuesday",3017,2137,880,353,271,82,332,1475,111,613,443,2088,2893,40,84
"2/25/2013","Monday",3224,2284,940,410,303,107,374,1524,124,630,498,2154,3080,42,102
"2/24/2013","Sunday",2313,1814,499,327,268,59,310,1209,63,371,373,1580,2292,0,21
"2/23/2013","Saturday",2320,1690,630,315,265,50,275,1137,89,485,364,1622,2305,1,14
"2/22/2013","Friday",2793,1885,908,359,273,86,306,1260,128,633,434,1893,2696,37,60
"2/21/2013","Thursday",3018,2106,912,403,292,111,336,1413,118,601,454,2014,2887,51,80
"2/20/2013","Wednesday",3118,2170,948,403,310,93,366,1450,123,649,489,2099,3003,39,76
"2/19/2013","Tuesday",3035,2100,935,376,273,103,352,1436,122,627,474,2063,2924,50,61
"2/18/2013","Monday",3109,2211,898,386,300,86,347,1507,121,637,468,2144,3008,28,73
"2/17/2013","Sunday",2255,1766,489,297,234,63,269,1236,66,353,335,1589,2236,2,17
"2/16/2013","Saturday",2462,1776,686,364,287,77,299,1174,82,517,381,1691,2443,5,14
"2/15/2013","Friday",2963,2024,939,399,323,76,318,1336,127,675,445,2011,2870,30,63
"2/14/2013","Thursday",2543,1774,769,342,270,72,300,1165,99,510,399,1675,2425,38,80
"2/13/2013","Wednesday",2900,1979,921,405,297,108,335,1286,120,628,455,1914,2787,36,77
"2/12/2013","Tuesday",3295,2297,998,430,321,109,368,1546,141,674,509,2220,3170,48,77
"2/11/2013","Monday",3332,2336,996,398,299,99,371,1615,134,655,505,2270,3186,72,74
"2/10/2013","Sunday",2536,1977,559,341,275,66,303,1381,78,405,381,1786,2520,2,14
"2/9/2013","Saturday",2379,1727,652,347,266,81,291,1149,89,474,380,1623,2363,2,14
"2/8/2013","Friday",2913,2081,832,365,276,89,305,1447,96,563,401,2010,2788,61,64
"2/7/2013","Thursday",3164,2264,900,458,356,102,346,1518,119,600,465,2118,3054,54,56
"2/6/2013","Wednesday",3189,2241,948,402,300,102,372,1510,141,624,513,2134,3065,45,79
"2/5/2013","Tuesday",3357,2369,988,377,299,78,373,1656,130,672,503,2328,3222,66,69
"2/4/2013","Monday",3267,2303,964,462,356,106,362,1524,116,651,478,2175,3134,65,68
"2/3/2013","Sunday",2012,1629,383,258,211,47,257,1143,54,274,311,1417,1995,4,13
"2/2/2013","Saturday",2324,1743,581,337,271,66,289,1169,67,436,356,1605,2310,3,11
"2/1/2013","Friday",2913,1995,918,389,283,106,319,1363,122,635,441,1998,2845,38,30
"1/31/2013","Thursday",2791,1960,831,361,283,78,292,1342,128,551,420,1893,2681,55,55
"1/30/2013","Wednesday",2667,1861,806,364,281,83,291,1255,96,537,387,1792,2550,60,57
"1/29/2013","Tuesday",2595,1791,804,304,233,71,257,1258,110,544,367,1802,2489,47,59
"1/28/2013","Monday",2795,1991,804,298,226,72,296,1420,83,545,379,1965,2654,72,69
"1/27/2013","Sunday",2067,1655,412,252,211,41,273,1150,62,303,335,1453,2052,3,12
"1/26/2013","Saturday",2232,1653,579,306,249,57,256,1123,70,444,326,1567,2210,1,21
"1/25/2013","Friday",2567,1799,768,341,257,84,309,1197,78,559,387,1756,2496,25,46
"1/24/2013","Thursday",2752,1922,830,354,259,95,312,1307,84,583,396,1890,2648,50,54
"1/23/2013","Wednesday",2829,1995,834,339,259,80,306,1388,95,587,401,1975,2721,50,58
"1/22/2013","Tuesday",2844,2018,826,327,258,69,290,1451,131,559,421,2010,2761,43,40
"1/21/2013","Monday",2782,2031,751,314,249,65,322,1433,87,571,409,2004,2737,19,26
"1/20/2013","Sunday",2246,1781,465,296,252,44,252,1267,64,346,316,1613,2234,6,6
"1/19/2013","Saturday",2407,1736,671,310,238,72,240,1240,71,522,311,1762,2395,2,10
"1/18/2013","Friday",3096,2187,909,400,318,82,323,1507,102,666,425,2173,3007,46,43
"1/17/2013","Thursday",3245,2328,917,367,287,80,347,1657,108,660,455,2317,3149,48,48
"1/16/2013","Wednesday",3260,2364,896,403,322,81,364,1630,89,643,453,2273,3146,56,58
"1/15/2013","Tuesday",3383,2464,919,369,297,72,379,1736,137,628,516,2364,3267,56,60
"1/14/2013","Monday",3589,2538,1051,423,324,99,349,1821,124,724,473,2545,3453,71,65
"1/13/2013","Sunday",2636,2098,538,321,264,57,281,1534,61,413,342,1947,2621,0,15
"1/12/2013","Saturday",2740,2078,662,331,273,58,331,1463,84,511,415,1974,2727,3,10
"1/11/2013","Friday",3351,2418,933,414,335,79,335,1710,121,674,456,2384,3272,39,40
"1/10/2013","Thursday",3571,2566,1005,449,358,91,323,1832,127,720,450,2552,3466,44,61
"1/9/2013","Wednesday",3731,2731,1000,448,340,108,390,1957,123,704,513,2661,3636,50,45
"1/8/2013","Tuesday",3798,2819,979,461,370,91,408,1992,106,696,514,2688,3669,60,69
"1/7/2013","Monday",3971,2887,1084,447,352,95,424,2060,134,758,558,2818,3836,77,58
"1/6/2013","Sunday",3051,2493,558,351,305,46,388,1783,54,448,442,2231,3034,6,11
"1/5/2013","Saturday",3079,2325,754,381,295,86,341,1668,86,575,427,2243,3066,4,9
"1/4/2013","Friday",3878,2919,959,491,392,99,402,2095,91,706,493,2801,3801,39,38
"1/3/2013","Thursday",4154,3065,1089,471,375,96,469,2172,155,773,624,2945,4064,35,55
"1/2/2013","Wednesday",3979,2992,987,436,349,87,449,2139,147,704,596,2843,3898,28,53
"1/1/2013","Tuesday",2261,1873,388,254,222,32,294,1335,49,303,343,1638,2245,2,14
"12/31/2012","Monday",1807,1341,466,206,175,31,188,961,57,356,245,1317,1771,17,19
"12/30/2012","Sunday",1745,1383,362,216,185,31,209,978,51,275,260,1253,1736,1,8
"12/29/2012","Saturday",1896,1435,461,228,181,47,209,1030,56,343,265,1373,1874,7,15
"12/28/2012","Friday",2391,1771,620,291,232,59,251,1257,73,471,324,1728,2353,10,28
"12/27/2012","Thursday",2379,1753,626,252,203,49,256,1253,65,481,321,1734,2315,17,47
"12/26/2012","Wednesday",2129,1537,592,235,185,50,225,1098,84,440,309,1538,2095,5,29
"12/25/2012","Tuesday",432,432,0,76,76,0,76,275,0,0,76,275,429,0,3
"12/24/2012","Monday",528,429,99,67,59,8,78,285,14,75,92,360,522,0,6
"12/23/2012","Sunday",743,577,166,87,72,15,78,415,15,134,93,549,732,0,11
"12/22/2012","Saturday",873,605,268,119,87,32,70,438,33,203,103,641,864,0,9
"12/21/2012","Friday",1255,854,401,141,106,35,111,618,55,298,166,916,1224,5,26
"12/20/2012","Thursday",1439,989,450,145,123,22,137,702,49,350,186,1052,1394,12,33
"12/19/2012","Wednesday",1707,1095,612,182,135,47,150,782,56,311,206,1093,1483,184,40
"12/18/2012","Tuesday",1669,1152,517,180,131,49,148,848,64,370,212,1218,1618,17,34
"12/17/2012","Monday",1755,1224,531,177,131,46,169,888,58,363,227,1251,1663,43,49
"12/16/2012","Sunday",1190,930,260,131,101,30,141,663,29,193,170,856,1163,2,25
"12/15/2012","Saturday",1249,878,371,145,110,35,117,640,50,279,167,919,1234,0,15
"12/14/2012","Friday",1597,1056,541,175,125,50,144,765,59,401,203,1166,1552,16,29
"12/13/2012","Thursday",1891,1245,646,213,151,62,170,889,81,431,251,1320,1790,46,55
"12/12/2012","Wednesday",1845,1233,612,193,139,54,151,902,86,435,237,1337,1775,16,54
"12/11/2012","Tuesday",1878,1267,611,175,128,47,172,914,62,444,234,1358,1773,26,79
"12/10/2012","Monday",2189,1435,754,224,150,74,199,1042,111,495,310,1537,2082,40,67
"12/9/2012","Sunday",1533,1200,333,182,149,33,161,873,44,249,205,1122,1517,0,16
"12/8/2012","Saturday",1481,1033,448,166,125,41,162,733,51,347,213,1080,1468,2,11
"12/7/2012","Friday",2148,1430,718,219,154,65,222,1015,97,519,319,1534,2080,18,50
"12/6/2012","Thursday",2218,1500,718,250,183,67,183,1092,87,518,270,1610,2145,19,54
"12/5/2012","Wednesday",2519,1747,772,270,187,83,222,1280,114,513,336,1793,2411,28,80
"12/4/2012","Tuesday",2525,1742,783,308,210,98,225,1252,101,541,326,1793,2438,25,62
"12/3/2012","Monday",2830,1936,894,288,204,84,274,1408,125,610,399,2018,2713,44,73
"12/2/2012","Sunday",1960,1560,400,245,194,51,200,1142,44,298,244,1440,1940,0,20
"12/1/2012","Saturday",2010,1436,574,215,168,47,187,1064,66,453,253,1517,1992,1,17
"11/30/2012","Friday",2471,1684,787,284,189,95,217,1234,109,537,326,1771,2395,21,55
"11/29/2012","Thursday",2587,1788,799,317,218,99,226,1294,104,539,330,1833,2486,32,69
"11/28/2012","Wednesday",2669,1832,837,313,215,98,249,1333,106,566,355,1899,2577,40,52
"11/27/2012","Tuesday",2693,1859,834,323,218,105,249,1326,119,551,368,1877,2582,26,85
"11/26/2012","Monday",2779,1991,788,310,215,95,242,1484,98,523,340,2007,2663,30,86
"11/25/2012","Sunday",1931,1513,418,180,143,37,215,1129,44,328,259,1457,1906,3,22
"11/24/2012","Saturday",1734,1246,488,197,153,44,195,882,66,371,261,1253,1719,0,15
"11/23/2012","Friday",1921,1263,658,200,141,59,166,939,92,492,258,1431,1900,8,13
"11/22/2012","Thursday",548,548,0,83,83,0,79,384,0,0,79,384,548,0,0
"11/21/2012","Wednesday",1613,1108,505,168,116,52,164,808,75,356,239,1164,1584,4,25
"11/20/2012","Tuesday",2065,1407,658,260,162,98,203,1013,86,427,289,1440,2000,32,33
"11/19/2012","Monday",2389,1666,723,230,154,76,224,1244,92,485,316,1729,2285,27,77
"11/18/2012","Sunday",1769,1340,429,213,147,66,191,980,62,295,253,1275,1751,2,16
"11/17/2012","Saturday",1817,1277,540,213,154,59,195,903,85,382,280,1285,1790,2,25
"11/16/2012","Friday",2564,1697,867,300,207,93,244,1219,93,597,337,1816,2463,47,54
"11/15/2012","Thursday",2818,1955,863,339,242,97,281,1407,119,568,400,1975,2723,28,67
"11/14/2012","Wednesday",2751,1860,891,326,233,93,257,1342,97,613,354,1955,2650,40,61
"11/13/2012","Tuesday",2780,1899,881,324,224,100,246,1392,98,583,344,1975,2654,41,85
"11/12/2012","Monday",2854,1967,887,311,212,99,284,1439,117,601,401,2040,2760,25,69
"11/11/2012","Sunday",2035,1569,466,223,167,56,234,1156,55,326,289,1482,2002,8,25
"11/10/2012","Saturday",2120,1503,617,235,178,57,202,1109,77,463,279,1572,2100,3,17
"11/9/2012","Friday",2542,1510,1032,256,165,91,206,1104,108,768,314,1872,2462,27,53
"11/8/2012","Thursday",2847,1988,859,357,255,102,272,1397,105,595,377,1992,2731,35,81
"11/7/2012","Wednesday",2697,1958,739,304,215,89,266,1407,86,500,352,1907,2579,26,92
"11/6/2012","Tuesday",2709,1945,764,303,228,75,282,1369,82,528,364,1897,2572,51,86
"11/5/2012","Monday",3059,2228,831,345,246,99,275,1626,87,569,362,2195,2911,34,114
"11/4/2012","Sunday",2296,1855,441,260,212,48,264,1346,69,314,333,1660,2255,1,40
"11/3/2012","Saturday",2259,1687,572,273,210,63,231,1209,70,429,301,1638,2220,4,35
"11/2/2012","Friday",2755,1945,810,308,225,83,314,1351,108,568,422,1919,2660,19,76
"11/1/2012","Thursday",3132,2354,778,351,263,88,348,1666,84,533,432,2199,3000,51,81
"10/31/2012","Wednesday",1650,1232,418,168,123,45,183,880,45,273,228,1153,1552,33,65
"10/30/2012","Tuesday",2119,1523,596,219,154,65,218,1090,61,410,279,1500,2003,42,74
"10/29/2012","Monday",2082,1500,582,228,164,64,188,1100,75,388,263,1488,1983,33,66
"10/28/2012","Sunday",1515,1203,312,196,154,42,194,831,33,228,227,1059,1485,4,26
"10/27/2012","Saturday",1595,1160,435,205,150,55,178,807,52,321,230,1128,1568,2,25
"10/26/2012","Friday",2012,1395,617,240,162,78,197,990,86,398,283,1388,1920,42,50
"10/25/2012","Thursday",2248,1585,663,258,175,83,235,1120,61,472,296,1592,2163,26,59
"10/24/2012","Wednesday",2223,1625,598,262,207,55,236,1126,78,411,314,1537,2118,40,65
"10/23/2012","Tuesday",2256,1627,629,272,202,70,252,1127,83,406,335,1533,2151,50,55
"10/22/2012","Monday",2600,1834,766,270,195,75,255,1302,80,503,335,1805,2429,81,90
"10/21/2012","Sunday",1776,1426,350,206,163,43,233,1011,39,264,272,1275,1757,0,19
"10/20/2012","Saturday",1723,1262,461,223,174,49,187,886,51,349,238,1235,1704,3,16
"10/19/2012","Friday",2311,1629,682,268,194,74,227,1168,88,460,315,1628,2222,42,47
"10/18/2012","Thursday",2427,1716,711,261,210,51,251,1214,88,486,339,1700,2308,61,58
"10/17/2012","Wednesday",2534,1790,744,314,247,67,226,1269,82,512,308,1781,2419,58,57
"10/16/2012","Tuesday",2556,1817,739,281,219,62,278,1264,86,504,364,1768,2419,62,75
"10/15/2012","Monday",2765,1957,808,311,247,64,297,1358,102,567,399,1925,2646,52,67
"10/14/2012","Sunday",1931,1537,394,224,186,38,237,1089,47,300,284,1389,1907,1,23
"10/13/2012","Saturday",1982,1465,517,231,187,44,213,1038,70,396,283,1434,1962,3,17
"10/12/2012","Friday",2503,1793,710,279,203,76,267,1290,88,510,355,1800,2445,28,30
"10/11/2012","Thursday",2722,1873,849,293,212,81,267,1348,100,585,367,1933,2604,71,47
"10/10/2012","Wednesday",2756,1994,762,286,221,65,321,1407,98,536,419,1943,2661,46,49
"10/9/2012","Tuesday",2539,1786,753,270,213,57,249,1281,91,517,340,1798,2419,74,46
"10/8/2012","Monday",2767,2016,751,268,208,60,295,1476,84,551,379,2027,2688,44,35
"10/7/2012","Sunday",1933,1550,383,236,192,44,219,1110,34,304,253,1414,1914,1,18
"10/6/2012","Saturday",2126,1570,556,273,214,59,222,1111,72,416,294,1527,2108,2,16
"10/5/2012","Friday",2538,1863,675,307,242,65,288,1306,70,451,358,1757,2431,69,38
"10/4/2012","Thursday",2853,2044,809,328,253,75,327,1420,79,564,406,1984,2732,75,46
"10/3/2012","Wednesday",2751,1985,766,323,252,71,308,1386,81,540,389,1926,2650,62,39
"10/2/2012","Tuesday",2975,2153,822,338,268,70,324,1515,94,555,418,2070,2835,84,56
"10/1/2012","Monday",3011,2166,845,326,244,82,317,1567,80,614,397,2181,2917,57,37
"9/30/2012","Sunday",1908,1555,353,258,212,46,228,1095,45,257,273,1352,1890,1,17
"9/29/2012","Saturday",1966,1484,482,268,217,51,213,1040,69,354,282,1394,1954,4,8
"9/28/2012","Friday",2391,1676,715,271,208,63,268,1178,97,482,365,1660,2309,58,24
"9/27/2012","Thursday",2360,1628,732,291,225,66,250,1126,92,503,342,1629,2268,58,34
"9/26/2012","Wednesday",2437,1733,704,293,221,72,250,1237,75,470,325,1707,2335,74,28
"9/25/2012","Tuesday",2506,1771,735,258,204,54,257,1274,80,511,337,1785,2388,76,42
"9/24/2012","Monday",2763,1970,793,316,257,59,270,1404,90,501,360,1905,2593,127,43
"9/23/2012","Sunday",1866,1515,351,246,215,31,248,1035,55,260,303,1295,1851,3,12
"9/22/2012","Saturday",1834,1377,457,224,178,46,224,964,66,335,290,1299,1823,3,8
"9/21/2012","Friday",2485,1698,787,318,234,84,235,1195,87,526,322,1721,2375,75,35
"9/20/2012","Thursday",2653,1910,743,302,230,72,278,1375,72,505,350,1880,2537,88,28
"9/19/2012","Wednesday",2711,1890,821,373,270,103,273,1314,64,519,337,1833,2552,115,44
"9/18/2012","Tuesday",2769,1987,782,356,277,79,316,1361,76,509,392,1870,2631,105,33
"9/17/2012","Monday",2897,2084,813,312,220,92,290,1545,80,549,370,2094,2784,85,28
"9/16/2012","Sunday",2009,1597,412,265,220,45,227,1130,54,287,281,1417,1969,24,16
"9/15/2012","Saturday",1913,1463,450,238,200,38,221,1023,63,343,284,1366,1897,2,14
"9/14/2012","Friday",2616,1841,775,321,256,65,279,1284,81,527,360,1811,2501,90,25
"9/13/2012","Thursday",2755,1954,801,313,231,82,298,1384,93,519,391,1903,2620,86,49
"9/12/2012","Wednesday",2775,1927,848,327,254,73,264,1366,112,519,376,1885,2608,132,35
"9/11/2012","Tuesday",2738,1955,783,320,246,74,291,1387,97,501,388,1888,2603,99,36
"9/10/2012","Monday",2937,2080,857,352,283,69,322,1437,94,547,416,1984,2759,140,38
"9/9/2012","Sunday",2117,1738,379,274,238,36,248,1237,54,278,302,1515,2102,7,8
"9/8/2012","Saturday",2415,1896,519,346,285,61,279,1318,63,385,342,1703,2401,3,11
"9/7/2012","Friday",2451,1665,786,253,193,60,286,1165,92,540,378,1705,2347,83,21
"9/6/2012","Thursday",2813,2029,784,366,289,77,270,1439,101,519,371,1958,2700,79,34
"9/5/2012","Wednesday",2914,2086,828,311,243,68,318,1490,115,547,433,2037,2791,87,36
"9/4/2012","Tuesday",2677,1874,803,341,259,82,288,1290,95,533,383,1823,2559,76,42
"9/3/2012","Monday",1916,1517,399,248,194,54,211,1088,43,284,254,1372,1882,13,21
"9/2/2012","Sunday",1506,1213,293,199,162,37,177,862,45,208,222,1070,1498,1,7
"9/1/2012","Saturday",1828,1385,443,227,193,34,218,951,74,323,292,1274,1802,7,19
"8/31/2012","Friday",2281,1651,630,295,239,56,234,1156,86,408,320,1564,2188,65,28
"8/30/2012","Thursday",2228,1596,632,273,214,59,254,1093,93,395,347,1488,2115,72,41
"8/29/2012","Wednesday",2030,1482,548,237,187,50,204,1066,88,330,292,1396,1931,74,25
"8/28/2012","Tuesday",2087,1493,594,267,210,57,231,1019,89,354,320,1373,1965,84,38
"8/27/2012","Monday",2123,1496,627,249,191,58,218,1059,72,385,290,1444,1996,92,35
"8/26/2012","Sunday",1362,1113,249,170,147,23,177,778,41,182,218,960,1355,0,7
"8/25/2012","Saturday",1391,1089,302,167,136,31,175,761,38,229,213,990,1377,1,13
"8/24/2012","Friday",1921,1361,560,220,180,40,220,939,70,373,290,1312,1830,74,17
"8/23/2012","Thursday",1987,1415,572,276,208,68,201,983,69,340,270,1323,1882,73,32
"8/22/2012","Wednesday",2055,1477,578,251,207,44,212,1035,61,360,273,1395,1922,97,36
"8/21/2012","Tuesday",2142,1489,653,241,190,51,233,1036,62,397,295,1433,1977,120,45
"8/20/2012","Monday",2138,1500,638,250,197,53,212,1032,68,404,280,1436,1977,89,72
"8/19/2012","Sunday",1454,1192,262,171,139,32,181,859,26,201,207,1060,1442,0,12
"8/18/2012","Saturday",1495,1123,372,214,165,49,153,796,40,273,193,1069,1481,7,7
"8/17/2012","Friday",2060,1453,607,252,195,57,222,1002,70,413,292,1415,1969,51,40
"8/16/2012","Thursday",2145,1521,624,261,214,47,241,1039,70,412,311,1451,2029,79,37
"8/15/2012","Wednesday",2154,1602,552,275,221,54,247,1102,53,356,300,1458,2040,73,41
"8/14/2012","Tuesday",2109,1529,580,245,191,54,251,1026,62,388,313,1414,1985,49,75
"8/13/2012","Monday",2190,1566,624,285,227,58,230,1056,54,384,284,1440,2021,90,79
"8/12/2012","Sunday",1457,1194,263,187,162,25,156,860,31,202,187,1062,1442,2,13
"8/11/2012","Saturday",1426,1073,353,186,156,30,154,750,49,248,203,998,1393,17,16
"8/10/2012","Friday",2091,1469,622,244,191,53,216,1026,80,412,296,1438,1991,57,43
"8/9/2012","Thursday",2066,1430,636,210,162,48,217,1006,70,440,287,1446,1948,53,65
"8/8/2012","Wednesday",2125,1498,627,275,224,51,216,999,55,413,271,1412,1964,80,81
"8/7/2012","Tuesday",2178,1497,681,274,213,61,211,1013,68,412,279,1425,1986,112,80
"8/6/2012","Monday",2260,1623,637,279,211,68,255,1097,73,362,328,1459,2073,101,86
"8/5/2012","Sunday",1429,1160,269,210,177,33,164,803,38,186,202,989,1404,4,21
"8/4/2012","Saturday",1473,1103,370,188,152,36,166,771,48,279,214,1050,1458,1,14
"8/3/2012","Friday",1942,1365,577,244,194,50,202,935,67,390,269,1325,1846,41,55
"8/2/2012","Thursday",2196,1479,717,260,199,61,218,1013,73,439,291,1452,2009,109,78
"8/1/2012","Wednesday",2180,1562,618,270,204,66,242,1052,51,383,293,1435,2010,69,101
"7/31/2012","Tuesday",2066,1509,557,267,208,59,230,1005,62,346,292,1351,1916,42,108
"7/30/2012","Monday",2075,1469,606,265,216,49,215,979,64,362,279,1341,1893,44,138
"7/29/2012","Sunday",1268,1031,237,171,153,18,136,712,31,182,167,894,1239,3,26
"7/28/2012","Saturday",1187,882,305,165,125,40,127,618,31,214,158,832,1160,14,13
"7/27/2012","Friday",1746,1262,484,231,182,49,190,849,47,318,237,1167,1643,30,73
"7/26/2012","Thursday",1783,1311,472,233,185,48,193,874,49,305,242,1179,1657,35,91
"7/25/2012","Wednesday",1926,1364,562,234,177,57,214,904,44,358,258,1262,1761,55,110
"7/24/2012","Tuesday",2056,1427,629,234,194,40,205,958,60,332,265,1290,1792,160,104
"7/23/2012","Monday",2185,1563,622,242,181,61,226,1075,59,362,285,1437,1971,65,149
"7/22/2012","Sunday",1276,1041,235,173,140,33,148,737,20,178,168,915,1258,1,17
"7/21/2012","Saturday",1334,1017,317,169,129,40,156,714,36,227,192,941,1306,9,19
"7/20/2012","Friday",1823,1271,552,211,159,52,181,876,53,373,234,1249,1700,29,94
"7/19/2012","Thursday",2143,1537,606,253,190,63,227,1064,66,388,293,1452,2003,55,85
"7/18/2012","Wednesday",1943,1446,497,226,179,47,180,1016,55,325,235,1341,1806,22,115
"7/17/2012","Tuesday",2041,1382,659,237,180,57,202,934,78,426,280,1360,1882,28,131
"7/16/2012","Monday",2318,1680,638,285,219,66,241,1143,73,400,314,1543,2147,54,117
"7/15/2012","Sunday",1400,1155,245,181,161,20,169,800,36,186,205,986,1380,0,20
"7/14/2012","Saturday",1523,1133,390,194,152,42,162,806,51,286,213,1092,1503,7,13
"7/13/2012","Friday",2042,1481,561,230,185,45,202,1046,85,381,287,1427,1952,13,77
"7/12/2012","Thursday",2077,1510,567,267,212,55,213,1003,64,372,277,1375,1931,34,112
"7/11/2012","Wednesday",2054,1489,565,250,198,52,229,995,60,382,289,1377,1920,24,110
"7/10/2012","Tuesday",2258,1618,640,272,218,54,244,1086,89,433,333,1519,2130,25,103
"7/9/2012","Monday",2324,1692,632,266,215,51,218,1175,70,430,288,1605,2169,22,133
"7/8/2012","Sunday",1446,1200,246,170,147,23,185,839,40,174,225,1013,1416,0,30
"7/7/2012","Saturday",1439,1104,335,192,161,31,161,764,36,250,197,1014,1411,12,16
"7/6/2012","Friday",2090,1514,576,247,201,46,239,1027,72,408,311,1435,2002,23,65
"7/5/2012","Thursday",2107,1522,585,227,178,49,216,1068,77,383,293,1451,1975,31,101
"7/4/2012","Wednesday",1028,808,220,138,108,30,120,565,31,146,151,711,1002,6,20
"7/3/2012","Tuesday",1752,1248,504,241,197,44,172,829,68,309,240,1138,1624,35,93
"7/2/2012","Monday",2032,1458,574,248,190,58,218,975,80,357,298,1332,1883,22,127
"7/1/2012","Sunday",1288,1039,249,178,152,26,154,711,29,188,183,899,1267,0,21
"6/30/2012","Saturday",1193,883,310,167,141,26,138,593,58,214,196,807,1176,6,11
"6/29/2012","Friday",1781,1282,499,228,170,58,168,894,62,309,230,1203,1668,31,82
"6/28/2012","Thursday",1791,1251,540,215,161,54,187,840,59,311,246,1151,1617,66,108
"6/27/2012","Wednesday",1843,1295,548,212,170,42,187,852,59,337,246,1189,1651,39,153
"6/26/2012","Tuesday",1908,1355,553,243,189,54,181,910,57,347,238,1257,1742,27,139
"6/25/2012","Monday",1950,1389,561,180,150,30,187,963,60,354,247,1317,1749,40,161
"6/24/2012","Sunday",1153,917,236,140,125,15,137,636,32,183,169,819,1134,2,17
"6/23/2012","Saturday",1232,899,333,158,121,37,142,615,50,232,192,847,1204,7,21
"6/22/2012","Friday",1663,1177,486,191,148,43,185,775,64,330,249,1105,1555,21,87
"6/21/2012","Thursday",1755,1259,496,222,181,41,187,826,56,299,243,1125,1593,32,130
"6/20/2012","Wednesday",1822,1321,501,204,157,47,175,903,49,310,224,1213,1646,24,152
"6/19/2012","Tuesday",1860,1349,511,222,173,49,197,897,48,327,245,1224,1696,34,130
"6/18/2012","Monday",2097,1473,624,243,187,56,232,958,65,384,297,1342,1887,50,160
"6/17/2012","Sunday",996,825,171,134,120,14,133,552,29,123,162,675,978,0,18
"6/16/2012","Saturday",1115,820,295,136,114,22,130,555,37,215,167,770,1078,7,30
"6/15/2012","Friday",1603,1150,453,155,124,31,178,781,64,290,242,1071,1480,33,90
"6/14/2012","Thursday",1774,1235,539,217,176,41,214,790,59,344,273,1134,1627,35,112
"6/13/2012","Wednesday",1901,1343,558,236,182,54,195,896,74,336,269,1232,1742,40,119
"6/12/2012","Tuesday",1984,1432,552,214,170,44,212,970,65,348,277,1318,1817,32,135
"6/11/2012","Monday",2048,1414,634,200,165,35,238,917,83,402,321,1319,1848,30,170
"6/10/2012","Sunday",1194,971,223,138,120,18,155,669,33,164,188,833,1166,1,27
"6/9/2012","Saturday",1292,945,347,37,32,5,199,689,73,255,272,944,1260,3,29
"6/8/2012","Friday",1753,1218,535,47,35,12,234,897,85,369,319,1266,1642,18,93
"6/7/2012","Thursday",1961,1400,561,51,46,5,296,973,90,357,386,1330,1781,48,132
"6/6/2012","Wednesday",2250,1532,718,62,55,7,284,1087,79,412,363,1499,1935,150,165
"6/5/2012","Tuesday",2166,1541,625,44,41,3,334,1064,102,390,436,1454,1947,31,188
"6/4/2012","Monday",2344,1679,665,50,46,4,323,1190,104,435,427,1625,2113,24,207
"6/3/2012","Sunday",1535,1250,285,43,38,5,224,944,50,220,274,1164,1490,2,43
"6/2/2012","Saturday",1451,1077,374,33,26,7,232,774,64,282,296,1056,1399,6,46
"6/1/2012","Friday",2031,1449,582,37,34,3,295,1040,87,408,382,1448,1885,18,128
"5/31/2012","Thursday",2102,1528,574,43,36,7,300,1103,102,361,402,1464,1919,37,146
"5/30/2012","Wednesday",2267,1598,669,34,26,8,325,1130,102,409,427,1539,2012,56,199
"5/29/2012","Tuesday",2060,1471,589,39,32,7,281,1025,89,375,370,1400,1817,27,216
"5/28/2012","Monday",1178,946,232,27,22,5,199,686,48,166,247,852,1132,3,43
"5/27/2012","Sunday",879,667,212,15,10,5,154,485,34,168,188,653,862,0,17
"5/26/2012","Saturday",1069,791,278,29,25,4,173,567,58,205,231,772,1042,4,23
"5/25/2012","Friday",1592,1117,475,27,22,5,235,787,71,304,306,1091,1430,31,131
"5/24/2012","Thursday",1804,1282,522,32,27,5,266,902,94,325,360,1227,1634,35,135
"5/23/2012","Wednesday",2058,1427,631,35,28,7,283,994,98,368,381,1362,1790,62,206
"5/22/2012","Tuesday",2192,1538,654,40,35,5,323,1050,87,391,410,1441,1904,48,240
"5/21/2012","Monday",2338,1625,713,38,30,8,325,1152,117,409,442,1561,2054,65,219
"5/20/2012","Sunday",1326,1100,226,24,22,2,259,791,44,172,303,963,1295,1,30
"5/19/2012","Saturday",1277,947,330,24,20,4,200,700,54,254,254,954,1242,1,34
"5/18/2012","Friday",1940,1345,595,32,18,14,282,976,84,415,366,1391,1798,31,111
"5/17/2012","Thursday",2127,1538,589,43,32,11,306,1082,112,379,418,1461,1940,19,168
"5/16/2012","Wednesday",2229,1522,707,37,31,6,302,1094,113,434,415,1528,1989,46,194
"5/15/2012","Tuesday",2399,1685,714,54,41,13,319,1187,107,434,426,1621,2115,67,217
"5/14/2012","Monday",2502,1766,736,37,29,8,345,1251,90,492,435,1743,2229,51,222
"5/13/2012","Sunday",1081,905,176,10,8,2,187,690,34,134,221,824,1064,0,17
"5/12/2012","Saturday",1275,957,318,30,24,6,191,715,68,225,259,940,1241,1,33
"5/11/2012","Friday",1915,1292,623,30,21,9,276,918,103,416,379,1334,1753,46,116
"5/10/2012","Thursday",2126,1513,613,26,18,8,297,1107,86,407,383,1514,1938,37,151
"5/9/2012","Wednesday",2225,1573,652,24,18,6,300,1142,99,426,399,1568,2007,27,191
"5/8/2012","Tuesday",2411,1675,736,33,25,8,345,1199,113,478,458,1677,2185,39,187
"5/7/2012","Monday",2565,1867,698,38,32,6,370,1332,113,461,483,1793,2335,33,197
"5/6/2012","Sunday",1596,1293,303,22,18,4,275,968,47,234,322,1202,1558,10,28
"5/5/2012","Saturday",1472,1092,380,23,18,5,225,814,71,282,296,1096,1426,8,38
"5/4/2012","Friday",2096,1457,639,32,23,9,287,1054,109,423,396,1477,1921,33,142
"5/3/2012","Thursday",2457,1791,666,37,29,8,365,1279,93,463,458,1742,2256,38,163
"5/2/2012","Wednesday",2565,1803,762,37,29,8,378,1280,141,489,519,1769,2347,41,177
"5/1/2012","Tuesday",2760,1924,836,32,21,11,390,1385,150,508,540,1893,2482,67,211
"4/30/2012","Monday",2623,1853,770,38,29,9,375,1333,143,503,518,1836,2409,45,169
"4/29/2012","Sunday",1576,1231,345,21,17,4,243,935,52,240,295,1175,1508,34,34
"4/28/2012","Saturday",1415,1037,378,28,19,9,255,741,71,286,326,1027,1391,4,20
"4/27/2012","Friday",2074,1399,675,38,33,5,285,1003,103,413,388,1416,1856,117,101
"4/26/2012","Thursday",2253,1597,656,40,33,7,311,1164,127,413,438,1577,2065,30,158
"4/25/2012","Wednesday",2360,1654,706,34,26,8,371,1157,114,426,485,1583,2116,64,180
"4/24/2012","Tuesday",2308,1620,688,40,28,12,300,1187,102,430,402,1617,2066,67,175
"4/23/2012","Monday",2523,1744,779,29,20,9,336,1276,131,473,467,1749,2263,73,187
"4/22/2012","Sunday",1647,1305,342,41,29,12,295,950,78,241,373,1191,1618,4,25
"4/21/2012","Saturday",1518,1112,406,41,33,8,259,801,78,309,337,1110,1500,0,18
"4/20/2012","Friday",2103,1469,634,27,18,9,275,1082,106,410,381,1492,1921,32,150
"4/19/2012","Thursday",2297,1612,685,36,31,5,319,1161,118,455,437,1616,2110,29,158
"4/18/2012","Wednesday",2300,1614,686,32,28,4,345,1139,95,464,440,1603,2087,49,164
"4/17/2012","Tuesday",2531,1773,758,43,34,9,340,1269,106,501,446,1770,2289,43,199
"4/16/2012","Monday",2684,1878,806,40,34,6,364,1368,127,510,491,1878,2426,93,165
"4/15/2012","Sunday",1615,1305,310,30,27,3,263,991,51,245,314,1236,1589,2,24
"4/14/2012","Saturday",1589,1193,396,30,25,5,261,886,72,308,333,1194,1566,4,19
"4/13/2012","Friday",2310,1627,683,43,34,9,345,1160,110,462,455,1622,2128,41,141
"4/12/2012","Thursday",2541,1813,728,39,28,11,374,1278,132,478,506,1756,2321,34,186
"4/11/2012","Wednesday",2562,1758,804,40,30,10,374,1275,140,519,514,1794,2366,47,149
"4/10/2012","Tuesday",2607,1897,710,30,22,8,345,1403,130,451,475,1854,2381,31,195
"4/9/2012","Monday",2500,1845,655,34,27,7,368,1369,108,461,476,1830,2355,19,126
"4/8/2012","Sunday",941,806,135,19,17,2,156,613,29,96,185,709,922,1,18
"4/7/2012","Saturday",1163,876,287,25,22,3,186,654,70,197,256,851,1142,13,8
"4/6/2012","Friday",1721,1195,526,19,16,3,286,861,91,369,377,1230,1640,41,40
"4/5/2012","Thursday",2034,1424,610,26,18,8,294,1052,95,421,389,1473,1902,37,95
"4/4/2012","Wednesday",2285,1578,707,32,23,9,350,1115,115,454,465,1569,2083,75,127
"4/3/2012","Tuesday",2329,1647,682,30,23,7,339,1195,129,455,468,1650,2162,27,140
"4/2/2012","Monday",2615,1871,744,15,11,4,389,1381,128,498,517,1879,2429,59,127
"4/1/2012","Sunday",1625,1286,339,25,21,4,261,978,75,252,336,1230,1600,2,23
"3/31/2012","Saturday",1559,1152,407,26,24,2,264,827,67,327,331,1154,1531,1,27
"3/30/2012","Friday",2074,1402,672,20,15,5,308,1011,131,415,439,1426,1895,64,115
"3/29/2012","Thursday",2318,1593,725,37,30,7,333,1127,101,469,434,1596,2079,81,158
"3/28/2012","Wednesday",2256,1552,704,36,27,9,295,1143,104,442,399,1585,2034,79,143
"3/27/2012","Tuesday",2323,1623,700,42,35,7,314,1178,99,471,413,1649,2118,51,154
"3/26/2012","Monday",2530,1788,742,37,29,8,362,1327,109,502,471,1829,2361,51,118
"3/25/2012","Sunday",1580,1247,333,21,19,2,280,915,68,253,348,1168,1549,5,26
"3/24/2012","Saturday",1568,1128,440,22,17,5,249,843,103,327,352,1170,1558,1,9
"3/23/2012","Friday",2093,1452,641,29,21,8,307,1076,113,444,420,1520,1979,27,87
"3/22/2012","Thursday",2392,1708,684,35,26,9,402,1193,120,472,522,1665,2239,38,115
"3/21/2012","Wednesday",2493,1740,753,26,20,6,368,1273,141,514,509,1787,2336,43,114
"3/20/2012","Tuesday",2628,1837,791,36,33,3,396,1335,124,545,520,1880,2450,48,130
"3/19/2012","Monday",2810,1959,851,48,40,8,387,1454,135,577,522,2031,2613,81,116
"3/18/2012","Sunday",1818,1430,388,25,21,4,313,1067,57,314,370,1381,1793,4,21
"3/17/2012","Saturday",1685,1251,434,23,16,7,300,913,91,326,391,1239,1668,3,14
"3/16/2012","Friday",2423,1594,829,35,27,8,300,1227,157,568,457,1795,2307,55,61
"3/15/2012","Thursday",2690,1904,786,32,24,8,434,1364,145,558,579,1922,2559,27,104
"3/14/2012","Wednesday",2591,1685,906,31,23,8,342,1259,161,636,503,1895,2444,47,100
"3/13/2012","Tuesday",2938,2031,907,43,28,15,398,1512,173,618,571,2130,2760,35,143
"3/12/2012","Monday",3239,2264,975,58,44,14,473,1673,154,694,627,2367,3071,39,129
"3/11/2012","Sunday",2047,1611,436,30,26,4,328,1223,74,329,402,1552,2010,1,36
"3/10/2012","Saturday",2190,1578,612,43,32,11,336,1182,139,424,475,1606,2143,23,24
"3/9/2012","Friday",2862,1946,916,53,45,8,458,1386,148,688,606,2074,2752,31,79
"3/8/2012","Thursday",3162,2212,950,45,31,14,468,1632,169,668,637,2300,3000,43,119
"3/7/2012","Wednesday",3281,2237,1044,47,39,8,486,1621,184,714,670,2335,3081,58,142
"3/6/2012","Tuesday",3519,2454,1065,45,33,12,496,1824,161,769,657,2593,3332,67,120
"3/5/2012","Monday",3771,2625,1146,31,23,8,606,1915,193,836,799,2751,3606,53,112
"3/4/2012","Sunday",2611,2076,535,27,22,5,480,1543,104,422,584,1965,2595,0,16
"3/3/2012","Saturday",2521,1811,710,15,9,6,440,1339,156,533,596,1872,2502,1,18
"3/2/2012","Friday",3055,2088,967,30,26,4,465,1533,191,699,656,2232,2944,41,70
"3/1/2012","Thursday",3455,2431,1024,33,26,7,563,1774,198,737,761,2511,3327,37,91
"2/29/2012","Wednesday",3240,2315,925,42,30,12,498,1690,165,667,663,2357,3077,40,123
"2/28/2012","Tuesday",3028,2168,860,24,19,5,511,1547,171,575,682,2122,2854,53,121
"2/27/2012","Monday",3210,2305,905,28,20,8,494,1701,153,646,647,2347,3039,71,100
"2/26/2012","Sunday",2145,1756,389,25,19,6,413,1298,75,300,488,1598,2119,0,26
"2/25/2012","Saturday",2154,1625,529,19,15,4,406,1181,104,410,510,1591,2131,5,18
"2/24/2012","Friday",2704,1885,819,27,19,8,452,1362,157,593,609,1955,2610,29,65
"2/23/2012","Thursday",3029,2115,914,30,23,7,495,1503,170,658,665,2161,2873,45,111
"2/22/2012","Wednesday",3070,2172,898,26,23,3,498,1571,174,638,672,2209,2922,52,96
"2/21/2012","Tuesday",3078,2133,945,18,16,2,493,1557,164,677,657,2234,2930,59,89
"2/20/2012","Monday",3173,2273,900,33,28,5,483,1706,177,670,660,2376,3093,22,58
"2/19/2012","Sunday",2163,1691,472,14,12,2,378,1275,80,366,458,1641,2131,12,20
"2/18/2012","Saturday",2351,1762,589,18,16,2,414,1306,121,457,535,1763,2331,4,16
"2/17/2012","Friday",3048,2080,968,23,17,6,473,1542,193,718,666,2260,2974,30,44
"2/16/2012","Thursday",3515,2347,1168,24,15,9,546,1733,205,858,751,2591,3392,52,71
"2/15/2012","Wednesday",3362,2318,1044,18,13,5,530,1710,207,753,737,2463,3242,45,75
"2/14/2012","Tuesday",2651,1846,805,19,12,7,409,1381,157,584,566,1965,2567,29,55
"2/13/2012","Monday",3247,2281,966,24,18,6,532,1677,182,731,714,2408,3158,27,62
"2/12/2012","Sunday",2425,1886,539,15,11,4,443,1399,101,429,544,1828,2400,2,23
"2/11/2012","Saturday",2508,1812,696,15,11,4,433,1345,141,539,574,1884,2495,2,11
"2/10/2012","Friday",3339,2258,1081,34,23,11,534,1651,205,784,739,2435,3229,44,66
"2/9/2012","Thursday",3462,2354,1108,29,25,4,546,1724,195,837,741,2561,3348,44,70
"2/8/2012","Wednesday",3851,2655,1196,38,28,10,609,1949,235,853,844,2802,3715,54,82
"2/7/2012","Tuesday",3814,2603,1211,25,18,7,564,1947,226,854,790,2801,3638,88,88
"2/6/2012","Monday",3968,2741,1227,36,24,12,623,2046,230,902,853,2948,3857,59,52
"2/5/2012","Sunday",2471,1908,563,26,25,1,453,1410,114,438,567,1848,2459,3,9
"2/4/2012","Saturday",2754,2042,712,23,19,4,497,1499,146,556,643,2055,2737,2,15
"2/3/2012","Friday",3542,2450,1092,25,16,9,600,1777,209,820,809,2597,3465,32,45
"2/2/2012","Thursday",3765,2612,1153,30,26,4,572,1946,241,839,813,2785,3648,44,73
"2/1/2012","Wednesday",3604,2576,1028,23,20,3,546,1954,210,764,756,2718,3513,24,67
"1/31/2012","Tuesday",3314,2335,979,16,15,1,517,1751,187,710,704,2461,3205,41,68
"1/30/2012","Monday",3311,2256,1055,17,11,6,479,1714,209,741,688,2455,3182,56,73
"1/29/2012","Sunday",2364,1866,498,5,5,0,414,1420,93,397,507,1817,2341,3,20
"1/28/2012","Saturday",2254,1666,588,3,3,0,423,1211,134,447,557,1658,2237,3,14
"1/27/2012","Friday",2880,1952,928,0,0,0,449,1450,196,665,645,2115,2780,49,51
"1/26/2012","Thursday",2976,2066,910,4,4,0,435,1579,195,657,630,2236,2895,29,52
"1/25/2012","Wednesday",3212,2137,1075,4,4,0,466,1625,186,697,652,2322,3003,175,34
"1/24/2012","Tuesday",3167,2154,1013,2,1,1,520,1584,188,727,708,2311,3051,66,50
"1/23/2012","Monday",3205,2235,970,3,3,0,446,1730,205,690,651,2420,3093,43,69
"1/22/2012","Sunday",2419,1930,489,1,0,1,397,1496,104,377,501,1873,2398,2,19
"1/21/2012","Saturday",2549,1877,672,0,0,0,425,1430,141,518,566,1948,2530,1,18
"1/20/2012","Friday",3134,2130,1004,1,1,0,479,1615,189,746,668,2361,3051,44,39
"1/19/2012","Thursday",3321,2316,1005,3,2,1,508,1758,184,755,692,2513,3232,41,48
"1/18/2012","Wednesday",3415,2328,1087,1,1,0,480,1794,194,775,674,2569,3264,93,58
"1/17/2012","Tuesday",3290,2279,1011,2,1,1,484,1749,170,763,654,2512,3188,49,53
"1/16/2012","Monday",3358,2446,912,1,1,0,513,1896,168,699,681,2595,3303,29,26
"1/15/2012","Sunday",2538,1965,573,0,0,0,395,1538,95,470,490,2008,2512,3,23
"1/14/2012","Saturday",2694,1980,714,0,0,0,423,1526,126,572,549,2098,2676,3,15
"1/13/2012","Friday",3556,2531,1025,1,1,0,539,1953,176,774,715,2727,3460,44,52
"1/12/2012","Thursday",3939,2838,1101,0,0,0,612,2157,208,802,820,2959,3808,65,66
"1/11/2012","Wednesday",3836,2689,1147,1,1,0,562,2067,202,815,764,2882,3672,102,62
"1/10/2012","Tuesday",3476,2298,1178,2,2,0,457,1787,206,872,663,2659,3351,72,53
"1/9/2012","Monday",3971,2852,1119,1,1,0,566,2238,193,848,759,3086,3870,45,56
"1/8/2012","Sunday",2916,2303,613,2,2,0,469,1810,139,464,608,2274,2904,1,11
"1/7/2012","Saturday",3116,2356,760,0,0,0,504,1822,137,615,641,2437,3097,3,16
"1/6/2012","Friday",3849,2698,1151,1,1,0,617,2034,215,853,832,2887,3738,56,55
"1/5/2012","Thursday",4171,3013,1158,0,0,0,606,2338,207,867,813,3205,4054,55,62
"1/4/2012","Wednesday",4124,3007,1117,0,0,0,590,2368,200,826,790,3194,4013,62,49
"1/3/2012","Tuesday",3943,2835,1108,1,1,0,590,2191,180,863,770,3054,3840,36,67
"1/2/2012","Monday",3712,2711,1001,0,0,0,530,2144,187,790,717,2934,3671,13,28
"1/1/2012","Sunday",1802,1529,273,0,0,0,304,1194,60,209,364,1403,1784,0,18
"12/31/2011","Saturday",1499,1148,351,0,0,0,256,867,64,282,320,1149,1485,0,14
"12/30/2011","Friday",2310,1714,596,0,0,0,349,1349,120,458,469,1807,2288,12,10
"12/29/2011","Thursday",2459,1834,625,0,0,0,363,1440,123,485,486,1925,2427,6,26
"12/28/2011","Wednesday",2423,1763,660,0,0,0,388,1345,122,499,510,1844,2368,21,34
"12/27/2011","Tuesday",2369,1720,649,1,1,0,336,1338,100,515,436,1853,2302,16,51
"12/26/2011","Monday",1819,1352,467,0,0,0,292,1038,96,360,388,1398,1797,2,20
"12/25/2011","Sunday",370,370,0,0,0,0,84,279,0,0,84,279,366,0,4
"12/24/2011","Saturday",452,356,96,0,0,0,82,269,25,70,107,339,449,0,3
"12/23/2011","Friday",837,593,244,0,0,0,121,451,53,173,174,624,807,7,23
"12/22/2011","Thursday",1125,787,338,0,0,0,169,592,55,268,224,860,1089,8,28
"12/21/2011","Wednesday",1244,855,389,1,0,1,174,657,64,292,238,949,1193,21,30
"12/20/2011","Tuesday",1374,989,385,0,0,0,184,764,63,281,247,1045,1307,13,54
"12/19/2011","Monday",1502,1025,477,0,0,0,200,782,79,338,279,1120,1409,27,66
"12/18/2011","Sunday",983,788,195,0,0,0,140,627,31,148,171,775,954,10,19
"12/17/2011","Saturday",1092,788,304,0,0,0,154,611,54,242,208,853,1070,1,21
"12/16/2011","Friday",1527,986,541,0,0,0,167,795,82,416,249,1211,1469,32,26
"12/15/2011","Thursday",1814,1245,569,0,0,0,221,982,108,430,329,1412,1754,14,46
"12/14/2011","Wednesday",1756,1151,605,0,0,0,245,866,102,439,347,1305,1658,29,69
"12/13/2011","Tuesday",2000,1315,685,0,0,0,254,1015,108,502,362,1517,1890,46,64
"12/12/2011","Monday",2095,1480,615,0,0,0,273,1149,106,445,379,1594,1984,23,88
"12/11/2011","Sunday",1429,1087,342,0,0,0,212,854,67,267,279,1121,1406,1,22
"12/10/2011","Saturday",1478,1018,460,0,0,0,214,784,97,353,311,1137,1461,1,16
"12/9/2011","Friday",1982,1251,731,0,0,0,230,985,118,561,348,1546,1915,24,43
"12/8/2011","Thursday",2292,1509,783,0,0,0,290,1176,143,574,433,1750,2206,30,56
"12/7/2011","Wednesday",2302,1608,694,0,0,0,310,1236,113,534,423,1770,2213,22,67
"12/6/2011","Tuesday",2403,1616,787,0,0,0,306,1267,116,622,422,1889,2327,20,56
"12/5/2011","Monday",2760,1886,874,0,0,0,368,1448,122,695,490,2143,2645,17,98
"12/4/2011","Sunday",1890,1479,411,1,1,0,280,1163,60,335,340,1498,1858,1,31
"12/3/2011","Saturday",1843,1300,543,0,0,0,260,1014,98,441,358,1455,1823,0,20
"12/2/2011","Friday",2599,1734,865,1,1,0,307,1382,151,678,458,2060,2535,16,48
"12/1/2011","Thursday",2906,2008,898,0,0,0,403,1547,162,660,565,2207,2791,33,82
"11/30/2011","Wednesday",2831,1949,882,1,1,0,321,1562,136,677,457,2239,2722,20,89
"11/29/2011","Tuesday",2765,1966,799,0,0,0,361,1527,116,617,477,2144,2640,31,94
"11/28/2011","Monday",2787,1932,855,0,0,0,356,1520,128,663,484,2183,2678,24,85
"11/27/2011","Sunday",1843,1444,399,0,0,0,269,1148,68,323,337,1471,1819,0,24
"11/26/2011","Saturday",1751,1231,520,0,0,0,216,986,83,422,299,1408,1726,4,21
"11/25/2011","Friday",1773,1197,576,0,0,0,233,939,101,456,334,1395,1750,9,14
"11/24/2011","Thursday",573,573,0,0,0,0,134,431,0,0,134,431,568,0,5
"11/23/2011","Wednesday",1607,1174,433,0,0,0,225,918,63,356,288,1274,1573,3,31
"11/22/2011","Tuesday",2046,1409,637,0,0,0,251,1120,100,499,351,1619,1981,15,50
"11/21/2011","Monday",2388,1664,724,0,0,0,315,1300,127,555,442,1855,2313,14,61
"11/20/2011","Sunday",1721,1353,368,0,0,0,244,1076,71,285,315,1361,1690,1,30
"11/19/2011","Saturday",1817,1292,525,0,0,0,246,1029,87,425,333,1454,1795,1,21
"11/18/2011","Friday",2402,1665,737,0,0,0,318,1308,127,562,445,1870,2329,23,50
"11/17/2011","Thursday",2817,1982,835,1,1,0,375,1534,137,630,512,2164,2700,25,92
"11/16/2011","Wednesday",2801,1952,849,1,1,0,366,1515,129,630,495,2145,2656,57,88
"11/15/2011","Tuesday",2904,2054,850,0,0,0,384,1592,145,660,529,2252,2800,23,81
"11/14/2011","Monday",3091,2159,932,0,0,0,353,1721,140,715,493,2436,2938,31,122
"11/13/2011","Sunday",2081,1622,459,0,0,0,313,1273,81,368,394,1641,2047,1,33
"11/12/2011","Saturday",1946,1399,547,0,0,0,270,1099,101,430,371,1529,1909,2,35
"11/11/2011","Friday",2530,1692,838,1,1,0,319,1331,144,663,463,1994,2478,12,40
"11/10/2011","Thursday",2924,2074,850,0,0,0,372,1648,139,641,511,2289,2819,35,70
"11/9/2011","Wednesday",2890,2055,835,1,1,0,379,1594,122,642,501,2236,2758,25,107
"11/8/2011","Tuesday",3023,2094,929,0,0,0,405,1609,156,692,561,2301,2887,31,105
"11/7/2011","Monday",3253,2263,990,0,0,0,407,1765,131,787,538,2552,3120,30,103
"11/6/2011","Sunday",2201,1749,452,0,0,0,342,1376,81,361,423,1737,2171,0,30
"11/5/2011","Saturday",2250,1612,638,0,0,0,336,1238,113,508,449,1746,2211,3,36
"11/4/2011","Friday",2894,1956,938,0,0,0,380,1520,165,710,545,2230,2796,41,57
"11/3/2011","Thursday",3060,2135,925,0,0,0,418,1677,140,702,558,2379,2952,44,64
"11/2/2011","Wednesday",2953,2052,901,1,1,0,361,1615,175,657,536,2272,2821,28,104
"11/1/2011","Tuesday",3033,2129,904,0,0,0,390,1674,147,672,537,2346,2898,39,96
"10/31/2011","Monday",2017,1471,546,0,0,0,280,1151,102,399,382,1550,1946,23,48
"10/30/2011","Sunday",1611,1269,342,0,0,0,221,1020,65,267,286,1287,1587,1,23
"10/29/2011","Saturday",1550,1102,448,0,0,0,231,852,94,346,325,1198,1530,0,20
"10/28/2011","Friday",2109,1444,665,0,0,0,293,1112,115,491,408,1603,2021,34,54
"10/27/2011","Thursday",2173,1480,693,0,0,0,281,1152,137,507,418,1659,2091,23,59
"10/26/2011","Wednesday",2300,1601,699,0,0,0,315,1240,98,526,413,1766,2194,45,61
"10/25/2011","Tuesday",2347,1621,726,0,0,0,325,1225,133,513,458,1738,2223,36,88
"10/24/2011","Monday",2528,1750,778,0,0,0,365,1331,123,585,488,1916,2419,43,66
"10/23/2011","Sunday",1742,1384,358,0,0,0,276,1073,74,275,350,1348,1711,0,31
"10/22/2011","Saturday",1670,1222,448,0,0,0,255,944,99,341,354,1285,1650,1,19
"10/21/2011","Friday",2336,1627,709,0,0,0,352,1244,119,528,471,1772,2263,38,35
"10/20/2011","Thursday",2504,1748,756,0,0,0,349,1360,139,561,488,1921,2417,33,54
"10/19/2011","Wednesday",2549,1814,735,0,0,0,383,1364,138,524,521,1888,2434,57,58
"10/18/2011","Tuesday",2651,1834,817,0,0,0,386,1393,115,618,501,2011,2535,55,61
"10/17/2011","Monday",2674,1884,790,0,0,0,338,1505,150,586,488,2091,2593,35,46
"10/16/2011","Sunday",1827,1468,359,0,0,0,335,1099,62,291,397,1390,1801,1,25
"10/15/2011","Saturday",1933,1420,513,0,0,0,306,1084,103,398,409,1482,1908,4,21
"10/14/2011","Friday",2618,1817,801,0,0,0,384,1395,135,618,519,2013,2555,33,30
"10/13/2011","Thursday",2663,1841,822,0,0,0,375,1427,151,607,526,2034,2579,40,44
"10/12/2011","Wednesday",2785,1913,872,0,0,0,372,1502,162,634,534,2136,2689,44,52
"10/11/2011","Tuesday",2726,1864,862,0,0,0,370,1441,147,629,517,2070,2606,65,55
"10/10/2011","Monday",2822,2003,819,0,0,0,391,1563,130,621,521,2184,2727,50,45
"10/9/2011","Sunday",1895,1503,392,0,0,0,291,1190,78,306,369,1496,1879,1,15
"10/8/2011","Saturday",1958,1409,549,0,0,0,296,1084,139,405,435,1489,1937,0,21
"10/7/2011","Friday",2702,1920,782,0,0,0,390,1497,143,594,533,2091,2637,35,30
"10/6/2011","Thursday",2742,1886,856,0,0,0,416,1420,150,647,566,2067,2665,45,32
"10/5/2011","Wednesday",2933,2067,866,0,0,0,430,1596,156,617,586,2213,2822,76,35
"10/4/2011","Tuesday",2983,2105,878,0,0,0,420,1637,158,632,578,2269,2868,71,44
"10/3/2011","Monday",3077,2122,955,0,0,0,409,1661,139,738,548,2399,2967,54,56
"10/2/2011","Sunday",2156,1732,424,0,0,0,365,1339,83,336,448,1675,2141,1,14
"10/1/2011","Saturday",2076,1521,555,0,0,0,327,1178,114,429,441,1607,2060,6,10
"9/30/2011","Friday",2557,1714,843,0,0,0,412,1274,170,617,582,1891,2493,40,24
"9/29/2011","Thursday",2532,1728,804,0,0,0,348,1342,148,576,496,1918,2437,68,27
"9/28/2011","Wednesday",2534,1749,785,0,0,0,399,1311,136,569,535,1880,2432,65,37
"9/27/2011","Tuesday",2628,1820,808,0,0,0,351,1431,150,565,501,1996,2518,67,43
"9/26/2011","Monday",2892,2024,868,0,0,0,397,1596,154,596,551,2192,2762,85,45
"9/25/2011","Sunday",1939,1553,386,0,0,0,339,1192,73,308,412,1500,1925,0,14
"9/24/2011","Saturday",1983,1455,528,0,0,0,317,1122,99,424,416,1546,1974,1,8
"9/23/2011","Friday",2584,1747,837,0,0,0,350,1364,147,591,497,1955,2473,80,31
"9/22/2011","Thursday",2797,1987,810,0,0,0,447,1498,153,573,600,2071,2690,68,39
"9/21/2011","Wednesday",2621,1783,838,0,0,0,387,1358,149,612,536,1970,2522,64,35
"9/20/2011","Tuesday",2835,1980,855,0,0,0,379,1569,164,600,543,2169,2735,75,25
"9/19/2011","Monday",2922,2065,857,1,1,0,414,1616,139,616,553,2232,2799,86,37
"9/18/2011","Sunday",2055,1633,422,0,0,0,337,1277,74,327,411,1604,2031,15,9
"9/17/2011","Saturday",1989,1458,531,0,0,0,341,1098,107,416,448,1514,1981,2,6
"9/16/2011","Friday",2757,1886,871,0,0,0,437,1426,159,643,596,2069,2683,56,18
"9/15/2011","Thursday",2957,2087,870,0,0,0,433,1624,161,603,594,2227,2841,93,23
"9/14/2011","Wednesday",2829,1950,879,0,0,0,409,1504,168,608,577,2112,2710,91,28
"9/13/2011","Tuesday",2937,1990,947,0,0,0,459,1501,181,638,640,2139,2798,111,28
"9/12/2011","Monday",3030,2103,927,0,0,0,430,1637,151,653,581,2290,2895,99,36
"9/11/2011","Sunday",2105,1672,433,0,0,0,352,1288,89,336,441,1624,2091,2,12
"9/10/2011","Saturday",2094,1533,561,0,0,0,320,1194,96,455,416,1649,2084,0,10
"9/9/2011","Friday",2784,1897,887,0,0,0,419,1451,195,594,614,2045,2680,82,22
"9/8/2011","Thursday",3031,2070,961,0,0,0,477,1571,164,687,641,2258,2912,89,30
"9/7/2011","Wednesday",2992,2081,911,0,0,0,438,1608,159,624,597,2232,2851,118,23
"9/6/2011","Tuesday",2950,2022,928,0,0,0,384,1609,180,654,564,2263,2841,80,29
"9/5/2011","Monday",2041,1646,395,0,0,0,339,1286,69,302,408,1588,2011,14,16
"9/4/2011","Sunday",1545,1207,338,1,1,0,256,937,69,265,325,1202,1534,0,11
"9/3/2011","Saturday",1943,1440,503,0,0,0,343,1087,100,397,443,1484,1936,1,6
"9/2/2011","Friday",2684,1841,843,0,0,0,422,1391,138,599,560,1990,2568,91,25
"9/1/2011","Thursday",2958,2143,815,0,0,0,457,1650,166,547,623,2197,2839,79,40
"8/31/2011","Wednesday",2581,1828,753,0,0,0,407,1386,156,529,563,1915,2497,61,23
"8/30/2011","Tuesday",2476,1729,747,0,0,0,363,1340,139,536,502,1876,2387,60,29
"8/29/2011","Monday",2068,1238,830,0,0,0,271,934,137,578,408,1512,1942,94,32
"8/28/2011","Sunday",1414,1175,239,0,0,0,260,897,52,184,312,1081,1398,1,15
"8/27/2011","Saturday",1392,1046,346,0,0,0,218,815,80,258,298,1073,1373,5,14
"8/26/2011","Friday",1859,1291,568,0,0,0,281,989,118,408,399,1397,1806,36,17
"8/25/2011","Thursday",2022,1354,668,0,0,0,307,1021,145,447,452,1468,1937,67,18
"8/24/2011","Wednesday",2070,1428,642,0,0,0,298,1106,123,446,421,1552,1991,54,25
"8/23/2011","Tuesday",2118,1479,639,0,0,0,348,1096,107,413,455,1509,1975,99,44
"8/22/2011","Monday",2172,1498,674,0,0,0,334,1115,105,461,439,1576,2038,89,45
"8/21/2011","Sunday",1350,1082,268,0,0,0,238,823,53,211,291,1034,1337,1,12
"8/20/2011","Saturday",1526,1110,416,0,0,0,250,846,92,317,342,1163,1514,0,12
"8/19/2011","Friday",1956,1305,651,0,0,0,302,963,123,464,425,1427,1869,46,41
"8/18/2011","Thursday",2174,1509,665,0,0,0,330,1141,99,453,429,1594,2043,88,43
"8/17/2011","Wednesday",2076,1447,629,0,0,0,331,1081,106,446,437,1527,1971,56,49
"8/16/2011","Tuesday",2216,1562,654,0,0,0,338,1181,110,458,448,1639,2095,63,58
"8/15/2011","Monday",2401,1706,695,1,0,1,330,1311,114,469,444,1780,2245,77,79
"8/14/2011","Sunday",1455,1172,283,0,0,0,251,897,63,211,314,1108,1429,5,21
"8/13/2011","Saturday",1598,1192,406,0,0,0,255,925,84,313,339,1238,1583,2,13
"8/12/2011","Friday",2097,1466,631,0,0,0,312,1112,120,446,432,1558,2006,59,32
"8/11/2011","Thursday",2068,1470,598,0,0,0,323,1110,115,423,438,1533,1981,40,47
"8/10/2011","Wednesday",2237,1516,721,0,0,0,319,1146,113,487,432,1633,2084,81,72
"8/9/2011","Tuesday",2159,1487,672,0,0,0,317,1115,115,432,432,1547,1990,87,82
"8/8/2011","Monday",2345,1632,713,0,0,0,323,1238,119,483,442,1721,2177,69,99
"8/7/2011","Sunday",1430,1123,307,0,0,0,212,889,65,228,277,1117,1404,3,23
"8/6/2011","Saturday",1457,1084,373,0,0,0,247,819,72,290,319,1109,1437,6,14
"8/5/2011","Friday",2055,1435,620,0,0,0,323,1072,118,434,441,1506,1961,31,63
"8/4/2011","Thursday",2349,1611,738,0,0,0,334,1224,136,504,470,1728,2216,58,75
"8/3/2011","Wednesday",2342,1613,729,0,0,0,323,1224,118,476,441,1700,2151,92,99
"8/2/2011","Tuesday",2299,1609,690,0,0,0,310,1228,138,463,448,1691,2145,45,109
"8/1/2011","Monday",2384,1649,735,0,0,0,306,1267,112,533,418,1800,2227,37,120
"7/31/2011","Sunday",1397,1065,332,0,0,0,243,795,71,255,314,1050,1373,0,24
"7/30/2011","Saturday",1352,988,364,0,0,0,196,769,83,273,279,1042,1333,2,17
"7/29/2011","Friday",1859,1264,595,0,0,0,245,975,120,414,365,1389,1768,30,61
"7/28/2011","Thursday",1968,1356,612,0,0,0,293,1004,95,413,388,1417,1820,54,94
"7/27/2011","Wednesday",2007,1399,608,0,0,0,293,1029,88,424,381,1453,1845,30,132
"7/26/2011","Tuesday",2098,1479,619,0,0,0,299,1109,132,371,431,1480,1919,44,135
"7/25/2011","Monday",2166,1480,686,0,0,0,308,1091,106,429,414,1520,1944,81,141
"7/24/2011","Sunday",1246,969,277,0,0,0,198,741,49,223,247,964,1224,0,22
"7/23/2011","Saturday",1331,987,344,0,0,0,211,748,61,275,272,1023,1309,0,22
"7/22/2011","Friday",1886,1295,591,0,0,0,276,964,109,411,385,1375,1776,30,80
"7/21/2011","Thursday",2043,1428,615,0,0,0,318,1040,119,413,437,1453,1894,36,113
"7/20/2011","Wednesday",2129,1454,675,0,0,0,291,1079,110,448,401,1527,1942,51,136
"7/19/2011","Tuesday",2172,1510,662,0,0,0,262,1181,94,461,356,1642,2013,42,117
"7/18/2011","Monday",2197,1552,645,0,0,0,331,1132,120,438,451,1570,2029,27,141
"7/17/2011","Sunday",1273,998,275,0,0,0,202,774,57,212,259,986,1252,0,21
"7/16/2011","Saturday",1369,977,392,0,0,0,207,755,82,293,289,1048,1346,2,21
"7/15/2011","Friday",2027,1378,649,0,0,0,281,1058,112,476,393,1534,1943,14,70
"7/14/2011","Thursday",2091,1440,651,0,0,0,295,1079,137,436,432,1515,1963,30,98
"7/13/2011","Wednesday",2169,1553,616,0,0,0,331,1148,111,424,442,1572,2024,25,120
"7/12/2011","Tuesday",2246,1549,697,0,0,0,300,1196,124,470,424,1666,2104,60,82
"7/11/2011","Monday",2404,1623,781,0,0,0,339,1211,112,548,451,1759,2223,39,142
"7/10/2011","Sunday",1424,1148,276,0,0,0,237,886,56,215,293,1101,1399,0,25
"7/9/2011","Saturday",1514,1099,415,0,0,0,237,840,70,339,307,1179,1496,0,18
"7/8/2011","Friday",2122,1462,660,0,0,0,295,1101,129,484,424,1585,2026,13,83
"7/7/2011","Thursday",2293,1577,716,0,0,0,337,1166,123,504,460,1670,2150,29,114
"7/6/2011","Wednesday",2379,1665,714,0,0,0,315,1271,134,474,449,1745,2208,14,157
"7/5/2011","Tuesday",2240,1568,672,0,0,0,267,1224,115,468,382,1692,2083,19,138
"7/4/2011","Monday",935,759,176,0,0,0,148,593,35,137,183,730,915,2,18
"7/3/2011","Sunday",951,751,200,0,0,0,167,565,48,149,215,714,939,0,12
"7/2/2011","Saturday",1193,854,339,0,0,0,174,653,69,263,243,916,1167,3,23
"7/1/2011","Friday",1679,1169,510,0,0,0,234,901,93,369,327,1270,1604,7,68
"6/30/2011","Thursday",1712,1202,510,0,0,0,250,894,86,348,336,1242,1597,15,100
"6/29/2011","Wednesday",1812,1267,545,0,0,0,278,928,101,370,379,1298,1685,14,113
"6/28/2011","Tuesday",1807,1239,568,0,0,0,240,918,92,353,332,1271,1615,38,154
"6/27/2011","Monday",1923,1275,648,0,0,0,262,959,110,415,372,1374,1752,51,120
"6/26/2011","Sunday",1114,858,256,0,0,0,167,668,42,210,209,878,1097,0,17
"6/25/2011","Saturday",1118,807,311,0,0,0,157,641,60,244,217,885,1110,1,7
"6/24/2011","Friday",1607,1080,527,0,0,0,209,815,96,369,305,1184,1509,28,70
"6/23/2011","Thursday",1779,1223,556,0,0,0,263,888,98,369,361,1257,1625,18,136
"6/22/2011","Wednesday",1797,1240,557,0,0,0,238,914,92,382,330,1296,1637,26,134
"6/21/2011","Tuesday",1841,1235,606,0,0,0,249,908,89,402,338,1310,1656,27,158
"6/20/2011","Monday",2067,1379,688,0,0,0,244,1055,107,458,351,1513,1875,32,160
"6/19/2011","Sunday",918,738,180,0,0,0,154,566,32,140,186,706,894,0,24
"6/18/2011","Saturday",1007,762,245,0,0,0,154,591,59,183,213,774,992,1,14
"6/17/2011","Friday",1633,1098,535,0,0,0,214,833,96,382,310,1215,1535,6,92
"6/16/2011","Thursday",1796,1215,581,0,0,0,217,934,93,410,310,1344,1661,12,123
"6/15/2011","Wednesday",1899,1284,615,0,0,0,258,944,99,409,357,1353,1719,31,149
"6/14/2011","Tuesday",1894,1283,611,0,0,0,245,963,108,408,353,1371,1733,13,148
"6/13/2011","Monday",1963,1305,658,0,0,0,247,954,113,438,360,1392,1759,28,176
"6/12/2011","Sunday",1175,931,244,0,0,0,180,716,52,182,232,898,1135,1,39
"6/11/2011","Saturday",1202,857,345,0,0,0,181,656,65,271,246,927,1178,1,23
"6/10/2011","Friday",1755,1188,567,0,0,0,221,925,94,384,315,1309,1638,21,96
"6/9/2011","Thursday",1792,1218,574,0,0,0,235,923,106,379,341,1302,1649,29,114
"6/8/2011","Wednesday",2053,1396,657,0,0,0,245,1034,107,429,352,1463,1833,39,181
"6/7/2011","Tuesday",2062,1405,657,0,0,0,270,1041,108,430,378,1471,1863,29,170
"6/6/2011","Monday",2268,1496,772,0,0,0,253,1156,125,525,378,1681,2069,37,162
"6/5/2011","Sunday",1396,1095,301,0,0,0,217,841,52,237,269,1078,1356,3,37
"6/4/2011","Saturday",1382,950,432,0,0,0,178,737,96,330,274,1067,1348,1,33
"6/3/2011","Friday",1961,1322,639,0,0,0,265,985,88,464,353,1449,1811,11,139
"6/2/2011","Thursday",2223,1559,664,0,0,0,310,1148,119,453,429,1601,2041,15,167
"6/1/2011","Wednesday",2358,1632,726,0,0,0,306,1221,120,484,426,1705,2144,21,193
"5/31/2011","Tuesday",2208,1541,667,0,0,0,297,1110,112,448,409,1558,1979,33,196
"5/30/2011","Monday",1216,937,279,0,0,0,179,730,65,204,244,934,1186,0,30
"5/29/2011","Sunday",875,689,186,0,0,0,147,517,47,136,194,653,853,0,22
"5/28/2011","Saturday",1050,765,285,0,0,0,182,569,45,226,227,795,1027,2,21
"5/27/2011","Friday",1533,1037,496,0,0,0,226,739,89,347,315,1086,1408,25,100
"5/26/2011","Thursday",1865,1296,569,0,0,0,269,916,111,366,380,1282,1670,12,183
"5/25/2011","Wednesday",1906,1311,595,0,0,0,297,925,97,396,394,1321,1722,31,153
"5/24/2011","Tuesday",2029,1412,617,0,0,0,220,1061,99,403,319,1464,1792,15,222
"5/23/2011","Monday",2225,1505,720,0,0,0,296,1072,123,468,419,1540,1985,23,217
"5/22/2011","Sunday",1292,1046,246,0,0,0,226,794,46,184,272,978,1261,0,31
"5/21/2011","Saturday",1223,894,329,0,0,0,192,667,68,252,260,919,1188,0,35
"5/20/2011","Friday",1909,1255,654,0,0,0,246,922,121,439,367,1361,1745,14,150
"5/19/2011","Thursday",2273,1498,775,0,0,0,320,1060,106,473,426,1533,1971,76,226
"5/18/2011","Wednesday",2143,1462,681,0,0,0,292,1051,137,438,429,1489,1926,25,192
"5/17/2011","Tuesday",2358,1588,770,0,0,0,336,1117,117,515,453,1632,2102,29,227
"5/16/2011","Monday",2512,1706,806,0,0,0,334,1248,157,504,491,1752,2256,37,219
"5/15/2011","Sunday",1544,1246,298,0,0,0,254,959,50,239,304,1198,1514,1,29
"5/14/2011","Saturday",1557,1123,434,0,0,0,276,809,77,346,353,1155,1523,1,33
"5/13/2011","Friday",2144,1420,724,0,0,0,332,1010,133,503,465,1513,1992,21,131
"5/12/2011","Thursday",2236,1519,717,0,0,0,316,1075,137,490,453,1565,2038,16,182
"5/11/2011","Wednesday",2388,1678,710,0,0,0,307,1237,121,466,428,1703,2149,28,211
"5/10/2011","Tuesday",2473,1675,798,0,0,0,309,1235,132,511,441,1746,2198,25,250
"5/9/2011","Monday",2584,1756,828,0,0,0,307,1325,141,554,448,1879,2344,34,206
"5/8/2011","Sunday",1128,919,209,0,0,0,182,712,32,165,214,877,1099,0,29
"5/7/2011","Saturday",1274,929,345,0,0,0,209,697,75,258,284,955,1248,1,25
"5/6/2011","Friday",1912,1267,645,0,0,0,249,930,105,462,354,1392,1758,24,130
"5/5/2011","Thursday",2195,1523,672,0,0,0,280,1133,123,464,403,1597,2014,26,155
"5/4/2011","Wednesday",2422,1669,753,0,0,0,322,1238,140,517,462,1755,2237,22,163
"5/3/2011","Tuesday",2533,1692,841,0,0,0,340,1267,143,570,483,1837,2336,30,167
"5/2/2011","Monday",2604,1781,823,0,0,0,315,1335,116,553,431,1888,2343,37,224
"5/1/2011","Sunday",1564,1223,341,0,0,0,279,905,60,274,339,1179,1528,1,35
"4/30/2011","Saturday",1384,969,415,0,0,0,217,730,79,323,296,1053,1360,0,24
"4/29/2011","Friday",1916,1274,642,0,0,0,290,917,128,430,418,1347,1781,17,118
"4/28/2011","Thursday",2027,1355,672,0,0,0,280,970,129,454,409,1424,1845,14,168
"4/27/2011","Wednesday",2042,1413,629,0,0,0,288,1041,104,418,392,1459,1861,25,156
"4/26/2011","Tuesday",2307,1585,722,0,0,0,309,1168,124,506,433,1674,2116,21,170
"4/25/2011","Monday",2041,1331,710,0,0,0,264,996,116,479,380,1475,1870,34,137
"4/24/2011","Sunday",745,641,104,0,0,0,124,492,20,82,144,574,721,0,24
"4/23/2011","Saturday",968,708,260,0,0,0,159,531,51,197,210,728,946,5,17
"4/22/2011","Friday",1423,980,443,0,0,0,197,746,87,310,284,1056,1353,31,39
"4/21/2011","Thursday",1793,1287,506,0,0,0,302,907,87,326,389,1233,1639,10,144
"4/20/2011","Wednesday",2021,1335,686,0,0,0,276,970,122,474,398,1444,1861,20,140
"4/19/2011","Tuesday",2102,1415,687,0,0,0,296,1038,115,449,411,1487,1920,30,152
"4/18/2011","Monday",2278,1543,735,0,0,0,304,1160,136,482,440,1642,2100,28,150
"4/17/2011","Sunday",1465,1145,320,0,0,0,262,851,72,239,334,1090,1438,2,25
"4/16/2011","Saturday",1404,1005,399,0,0,0,209,766,89,302,298,1068,1384,0,20
"4/15/2011","Friday",1963,1294,669,0,0,0,280,956,130,469,410,1425,1849,24,90
"4/14/2011","Thursday",2286,1546,740,0,0,0,306,1166,135,481,441,1647,2101,38,147
"4/13/2011","Wednesday",2333,1572,761,0,0,0,305,1177,148,516,453,1693,2164,27,142
"4/12/2011","Tuesday",2418,1671,747,0,0,0,358,1233,121,513,479,1746,2236,29,153
"4/11/2011","Monday",2703,1857,846,0,0,0,355,1428,139,569,494,1997,2508,38,157
"4/10/2011","Sunday",1636,1281,355,0,0,0,269,991,67,283,336,1274,1626,1,9
"4/9/2011","Saturday",1630,1139,491,0,0,0,246,879,113,370,359,1249,1622,0,8
"4/8/2011","Friday",2196,1465,731,0,0,0,319,1097,135,501,454,1598,2063,23,110
"4/7/2011","Thursday",2546,1718,828,0,0,0,361,1292,142,576,503,1868,2386,27,133
"4/6/2011","Wednesday",2648,1740,908,0,0,0,352,1309,160,640,512,1949,2478,37,133
"4/5/2011","Tuesday",2791,1896,895,0,0,0,399,1418,175,604,574,2022,2613,30,148
"4/4/2011","Monday",2923,1941,982,0,0,0,391,1473,196,650,587,2123,2733,43,147
"4/3/2011","Sunday",1799,1409,390,0,0,0,292,1090,81,297,373,1387,1783,0,16
"4/2/2011","Saturday",1912,1377,535,0,0,0,339,1008,118,403,457,1411,1884,2,26
"4/1/2011","Friday",2527,1639,888,1,1,0,373,1207,196,607,569,1814,2416,21,90
"3/31/2011","Thursday",2557,1723,834,0,0,0,411,1243,167,555,578,1798,2394,28,135
"3/30/2011","Wednesday",2498,1667,831,0,0,0,368,1220,177,531,545,1751,2318,31,149
"3/29/2011","Tuesday",2516,1654,862,0,0,0,340,1240,179,581,519,1821,2367,30,119
"3/28/2011","Monday",2741,1917,824,0,0,0,430,1399,154,580,584,1979,2586,33,122
"3/27/2011","Sunday",1780,1389,391,0,0,0,326,1033,86,296,412,1329,1759,1,20
"3/26/2011","Saturday",1748,1204,544,0,0,0,302,875,130,400,432,1275,1724,6,18
"3/25/2011","Friday",2281,1451,830,0,0,0,287,1106,154,596,441,1702,2166,19,96
"3/24/2011","Thursday",2576,1655,921,0,0,0,372,1227,191,614,563,1841,2423,42,111
"3/23/2011","Wednesday",2616,1776,840,0,0,0,407,1288,168,559,575,1847,2450,23,143
"3/22/2011","Tuesday",2710,1834,876,0,0,0,375,1391,149,633,524,2024,2568,28,114
"3/21/2011","Monday",2919,1917,1002,0,0,0,421,1418,175,692,596,2110,2731,46,142
"3/20/2011","Sunday",1914,1471,443,0,0,0,361,1086,92,341,453,1427,1899,1,14
"3/19/2011","Saturday",1844,1291,553,0,0,0,306,973,118,423,424,1396,1833,2,9
"3/18/2011","Friday",2342,1490,852,0,0,0,375,1077,156,641,531,1718,2260,26,56
"3/17/2011","Thursday",2640,1735,905,0,0,0,412,1262,163,673,575,1935,2535,31,74
"3/16/2011","Wednesday",2889,1859,1030,0,0,0,429,1359,221,722,650,2081,2761,20,108
"3/15/2011","Tuesday",2982,1951,1031,0,0,0,443,1440,159,752,602,2192,2817,56,109
"3/14/2011","Monday",3200,2075,1125,0,0,0,461,1545,197,822,658,2367,3045,39,116
"3/13/2011","Sunday",2052,1549,503,0,0,0,384,1139,110,384,494,1523,2034,0,18
"3/12/2011","Saturday",2163,1483,680,0,0,0,346,1119,148,519,494,1638,2151,1,11
"3/11/2011","Friday",2629,1671,958,0,0,0,413,1218,198,681,611,1899,2520,32,77
"3/10/2011","Thursday",3158,2039,1119,0,0,0,468,1505,217,802,685,2307,3019,48,91
"3/9/2011","Wednesday",3259,2147,1112,0,0,0,479,1602,198,794,677,2396,3108,44,107
"3/8/2011","Tuesday",3389,2206,1183,0,0,0,466,1670,206,873,672,2543,3243,49,97
"3/7/2011","Monday",3751,2477,1274,0,0,0,565,1808,243,926,808,2734,3569,39,143
"3/6/2011","Sunday",2655,1975,680,0,0,0,449,1471,125,535,574,2006,2607,3,45
"3/5/2011","Saturday",2642,1844,798,0,0,0,476,1327,174,603,650,1930,2601,5,36
"3/4/2011","Friday",3161,1997,1164,0,0,0,510,1413,249,842,759,2255,3043,29,89
"3/3/2011","Thursday",3789,2538,1251,0,0,0,675,1766,243,904,918,2670,3622,43,124
"3/2/2011","Wednesday",3784,2515,1269,0,0,0,630,1798,240,917,870,2715,3616,43,125
"3/1/2011","Tuesday",3922,2608,1314,0,0,0,663,1858,284,916,947,2774,3756,50,116
"2/28/2011","Monday",3805,2531,1274,0,0,0,604,1829,252,901,856,2730,3621,50,134
"2/27/2011","Sunday",2454,1875,579,0,0,0,443,1399,127,446,570,1845,2435,0,19
"2/26/2011","Saturday",2394,1667,727,0,0,0,428,1199,165,551,593,1750,2362,2,30
"2/25/2011","Friday",2928,1862,1066,0,0,0,450,1368,232,770,682,2138,2840,31,57
"2/24/2011","Thursday",3227,2080,1147,0,0,0,499,1510,238,827,737,2337,3099,39,89
"2/23/2011","Wednesday",3187,2128,1059,0,0,0,523,1548,221,751,744,2299,3061,49,77
"2/22/2011","Tuesday",3316,2144,1172,0,0,0,551,1527,232,867,783,2394,3195,35,86
"2/21/2011","Monday",3277,2210,1067,0,0,0,547,1586,176,822,723,2408,3160,29,88
"2/20/2011","Sunday",2229,1661,568,0,0,0,406,1211,126,434,532,1645,2192,1,36
"2/19/2011","Saturday",2359,1611,748,0,0,0,420,1158,152,588,572,1746,2332,3,24
"2/18/2011","Friday",3094,1948,1146,0,0,0,510,1389,202,871,712,2260,2994,40,60
"2/17/2011","Thursday",3425,2279,1146,0,0,0,579,1614,217,852,796,2466,3288,22,115
"2/16/2011","Wednesday",3485,2190,1295,0,0,0,524,1605,283,927,807,2532,3367,46,72
"2/15/2011","Tuesday",3461,2219,1242,0,0,0,550,1605,258,886,808,2491,3319,62,80
"2/14/2011","Monday",3159,2093,1066,0,0,0,532,1503,228,786,760,2289,3067,24,68
"2/13/2011","Sunday",2526,1841,685,0,0,0,456,1337,156,520,612,1857,2497,1,28
"2/12/2011","Saturday",2644,1790,854,0,0,0,475,1275,189,650,664,1925,2614,5,25
"2/11/2011","Friday",3582,2242,1340,0,0,0,595,1574,281,960,876,2534,3443,48,91
"2/10/2011","Thursday",3928,2574,1354,0,0,0,648,1848,236,999,884,2847,3762,77,89
"2/9/2011","Wednesday",2713,2713,0,0,0,0,690,1945,0,0,690,1945,2656,0,57
"2/8/2011","Tuesday",3942,2476,1466,0,0,0,679,1723,293,1033,972,2756,3755,108,79
"2/7/2011","Monday",4195,2732,1463,0,0,0,677,1983,312,1034,989,3017,4036,85,74
"2/6/2011","Sunday",2596,1843,753,0,0,0,476,1338,171,571,647,1909,2574,0,22
"2/5/2011","Saturday",3140,2183,957,0,0,0,571,1566,214,727,785,2293,3095,5,40
"2/4/2011","Friday",2618,2618,0,0,0,0,746,1828,0,0,746,1828,2590,0,28
"2/3/2011","Thursday",3676,2675,1001,0,0,0,780,1830,213,747,993,2577,3593,24,59
"2/2/2011","Wednesday",2596,2555,41,0,0,0,688,1793,12,23,700,1816,2534,2,60
"2/1/2011","Tuesday",2594,2589,5,0,0,0,676,1841,2,2,678,1843,2544,1,49
"1/31/2011","Monday",3470,2251,1219,0,0,0,559,1635,272,858,831,2493,3346,59,65
"1/30/2011","Sunday",2573,1952,621,0,0,0,504,1416,150,465,654,1881,2555,2,16
"1/29/2011","Saturday",2444,1667,777,0,0,0,442,1186,188,582,630,1768,2419,0,25
"1/28/2011","Friday",3125,1940,1185,0,0,0,540,1362,238,876,778,2238,3033,49,43
"1/27/2011","Thursday",3161,2108,1053,0,0,0,526,1517,226,742,752,2259,3035,55,71
"1/26/2011","Wednesday",3350,2201,1149,0,0,0,548,1600,253,779,801,2379,3195,93,62
"1/25/2011","Tuesday",3366,2244,1122,0,0,0,581,1594,213,828,794,2422,3240,54,72
"1/24/2011","Monday",3497,2369,1128,0,0,0,567,1729,218,815,785,2544,3347,71,79
"1/23/2011","Sunday",2729,2058,671,0,0,0,498,1522,158,504,656,2026,2699,3,27
"1/22/2011","Saturday",2669,1824,845,0,0,0,438,1355,179,652,617,2007,2647,5,17
"1/21/2011","Friday",3348,2189,1159,0,0,0,539,1606,235,866,774,2472,3271,38,39
"1/20/2011","Thursday",3445,2307,1138,0,0,0,554,1695,197,855,751,2550,3320,55,70
"1/19/2011","Wednesday",3654,2491,1163,0,0,0,570,1854,240,845,810,2699,3533,38,83
"1/18/2011","Tuesday",3719,2502,1217,0,0,0,583,1846,253,879,836,2725,3583,50,86
"1/17/2011","Monday",3746,2677,1069,0,0,0,588,2030,224,801,812,2831,3659,30,57
"1/16/2011","Sunday",2798,2166,632,0,0,0,540,1575,134,488,674,2063,2761,2,35
"1/15/2011","Saturday",3070,2147,923,0,0,0,559,1546,196,714,755,2260,3042,3,25
"1/14/2011","Friday",3679,2460,1219,0,0,0,596,1801,244,901,840,2702,3572,53,54
"1/13/2011","Thursday",4022,2768,1254,0,0,0,650,2031,212,979,862,3010,3893,38,91
"1/12/2011","Wednesday",3968,2758,1210,0,0,0,618,2084,213,905,831,2989,3838,58,72
"1/11/2011","Tuesday",4023,2740,1283,0,0,0,613,2046,247,967,860,3013,3906,38,79
"1/10/2011","Monday",4323,2925,1398,0,0,0,624,2239,266,1027,890,3266,4178,64,81
"1/9/2011","Sunday",3007,2479,528,0,0,0,582,1847,96,427,678,2274,2971,2,34
"1/8/2011","Saturday",3239,2286,953,0,0,0,498,1750,173,760,671,2510,3204,4,31
"1/7/2011","Friday",4014,2643,1371,0,0,0,675,1916,251,992,926,2908,3857,105,52
"1/6/2011","Thursday",4365,3053,1312,0,0,0,647,2334,236,1007,883,3341,4258,33,74
"1/5/2011","Wednesday",4616,3300,1316,0,0,0,709,2516,252,979,961,3495,4480,42,94
"1/4/2011","Tuesday",4689,3258,1431,0,0,0,697,2479,254,1092,951,3571,4557,59,73
"1/3/2011","Monday",4878,3455,1423,0,0,0,699,2685,252,1110,951,3795,4774,31,73
"1/2/2011","Sunday",3112,2477,635,0,0,0,559,1869,138,489,697,2358,3072,1,39
"1/1/2011","Saturday",2019,1586,433,0,0,0,375,1187,90,338,465,1525,2008,0,11
"12/31/2010","Friday",1895,1342,553,0,0,0,300,1022,116,421,416,1443,1866,9,20
"12/30/2010","Thursday",2659,1945,714,0,0,0,454,1455,149,539,603,1994,2611,11,37
"12/29/2010","Wednesday",2812,2028,784,0,0,0,472,1514,148,624,620,2138,2769,6,37
"12/28/2010","Tuesday",2721,1930,791,0,0,0,427,1451,173,592,600,2043,2655,10,56
"12/27/2010","Monday",2548,1852,696,0,0,0,409,1385,147,523,556,1908,2476,5,67
"12/26/2010","Sunday",1360,1037,323,0,0,0,208,805,59,264,267,1069,1338,0,22
"12/25/2010","Saturday",359,359,0,0,0,0,80,265,0,0,80,265,346,0,13
"12/24/2010","Friday",540,430,110,0,0,0,92,331,21,88,113,419,534,1,5
"12/23/2010","Thursday",939,671,268,0,0,0,156,495,52,207,208,702,917,0,22
"12/22/2010","Wednesday",1187,830,357,0,0,0,186,616,63,263,249,879,1137,17,33
"12/21/2010","Tuesday",1303,921,382,0,0,0,186,688,59,301,245,989,1245,8,50
"12/20/2010","Monday",1493,1003,490,0,0,0,205,764,92,352,297,1116,1418,17,58
"12/19/2010","Sunday",1040,807,233,0,0,0,190,589,54,167,244,756,1010,3,27
"12/18/2010","Saturday",1093,727,366,0,0,0,155,553,60,275,215,828,1049,25,19
"12/17/2010","Friday",1662,1038,624,0,0,0,218,780,90,500,308,1280,1596,17,49
"12/16/2010","Thursday",1841,1226,615,0,0,0,254,928,113,466,367,1394,1772,13,56
"12/15/2010","Wednesday",1966,1289,677,0,0,0,298,942,125,513,423,1455,1892,19,55
"12/14/2010","Tuesday",2061,1308,753,0,0,0,256,994,119,577,375,1571,1959,24,78
"12/13/2010","Monday",2274,1480,794,0,0,0,294,1119,115,597,409,1716,2140,32,102
"12/12/2010","Sunday",1474,1087,387,0,0,0,266,792,72,307,338,1099,1447,0,27
"12/11/2010","Saturday",1380,904,476,0,0,0,228,652,87,383,315,1035,1355,1,24
"12/10/2010","Friday",1991,1292,699,0,0,0,289,954,125,539,414,1493,1915,14,62
"12/9/2010","Thursday",2178,1414,764,0,0,0,287,1066,127,592,414,1658,2088,20,70
"12/8/2010","Wednesday",2325,1452,873,0,0,0,320,1086,151,644,471,1730,2220,31,74
"12/7/2010","Tuesday",2601,1658,943,0,0,0,328,1256,143,714,471,1970,2461,45,95
"12/6/2010","Monday",2813,1882,931,0,0,0,356,1453,135,717,491,2170,2674,32,107
"12/5/2010","Sunday",1791,1300,491,0,0,0,258,1001,85,400,343,1401,1755,0,36
"12/4/2010","Saturday",1825,1233,592,0,0,0,275,921,115,465,390,1386,1787,2,36
"12/3/2010","Friday",2587,1642,945,0,0,0,350,1232,170,723,520,1955,2483,29,75
"12/2/2010","Thursday",2936,1938,998,0,0,0,423,1443,177,757,600,2200,2817,29,90
"12/1/2010","Wednesday",3058,2026,1032,0,0,0,422,1523,167,791,589,2314,2917,37,104
"11/30/2010","Tuesday",3065,2018,1047,0,0,0,418,1530,183,791,601,2321,2938,28,99
"11/29/2010","Monday",3136,2128,1008,0,0,0,437,1614,148,779,585,2393,2997,39,100
"11/28/2010","Sunday",1896,1431,465,0,0,0,285,1114,90,371,375,1485,1869,0,27
"11/27/2010","Saturday",1721,1139,582,0,0,0,237,870,107,469,344,1339,1690,2,29
"11/26/2010","Friday",1826,1142,684,0,0,0,258,868,111,565,369,1433,1807,0,19
"11/25/2010","Thursday",517,517,0,0,0,0,124,383,0,0,124,383,508,0,9
"11/24/2010","Wednesday",1589,1065,524,0,0,0,242,795,87,417,329,1212,1549,6,34
"11/23/2010","Tuesday",2042,1374,668,0,0,0,263,1057,133,495,396,1552,1957,16,69
"11/22/2010","Monday",2406,1621,785,0,0,0,330,1229,120,614,450,1843,2305,26,75
"11/21/2010","Sunday",1762,1338,424,0,0,0,271,1033,76,338,347,1371,1728,2,32
"11/20/2010","Saturday",1802,1205,597,0,0,0,257,917,111,468,368,1385,1764,5,33
"11/19/2010","Friday",2481,1602,879,0,0,0,342,1205,152,666,494,1871,2372,20,89
"11/18/2010","Thursday",2701,1757,944,0,0,0,369,1317,172,710,541,2027,2581,29,91
"11/17/2010","Wednesday",2829,1881,948,0,0,0,372,1435,161,733,533,2168,2711,19,99
"11/16/2010","Tuesday",2967,1945,1022,0,0,0,376,1494,195,751,571,2245,2829,46,92
"11/15/2010","Monday",3336,2251,1085,0,0,0,422,1737,176,823,598,2560,3172,36,128
"11/14/2010","Sunday",2090,1608,482,0,0,0,321,1245,93,379,414,1624,2052,0,38
"11/13/2010","Saturday",2154,1456,698,0,0,0,326,1084,129,559,455,1643,2110,1,43
"11/12/2010","Friday",2625,1707,918,0,0,0,364,1279,182,682,546,1961,2519,26,80
"11/11/2010","Thursday",2802,1878,924,0,0,0,383,1421,144,668,527,2089,2635,88,79
"11/10/2010","Wednesday",3319,2060,1259,0,0,0,385,1584,232,951,617,2535,3171,25,123
"11/9/2010","Tuesday",3216,2168,1048,0,0,0,454,1638,217,762,671,2400,3083,31,102
"11/8/2010","Monday",3472,2357,1115,0,0,0,463,1797,189,837,652,2634,3302,38,132
"11/7/2010","Sunday",2398,1842,556,0,0,0,369,1429,98,445,467,1874,2350,0,48
"11/6/2010","Saturday",2203,1517,686,0,0,0,324,1149,139,528,463,1677,2154,3,46
"11/5/2010","Friday",2822,1876,946,0,0,0,390,1418,175,718,565,2136,2718,29,75
"11/4/2010","Thursday",3236,2205,1031,0,0,0,436,1688,171,784,607,2472,3091,31,114
"11/3/2010","Wednesday",3142,2088,1054,0,0,0,439,1554,190,792,629,2346,2996,38,108
"11/2/2010","Tuesday",3210,2138,1072,0,0,0,474,1590,191,788,665,2378,3054,57,99
"11/1/2010","Monday",3329,2243,1086,0,0,0,443,1716,186,824,629,2540,3182,37,110
"10/31/2010","Sunday",1416,1074,342,0,0,0,225,818,75,253,300,1071,1379,4,33
"10/30/2010","Saturday",1577,1079,498,0,0,0,241,804,96,394,337,1198,1539,1,37
"10/29/2010","Friday",2040,1368,672,0,0,0,333,989,126,496,459,1485,1955,33,52
"10/28/2010","Thursday",2170,1418,752,0,0,0,314,1043,143,558,457,1601,2068,23,79
"10/27/2010","Wednesday",2429,1559,870,0,0,0,327,1164,156,640,483,1804,2305,44,80
"10/26/2010","Tuesday",2546,1656,890,0,0,0,348,1249,137,675,485,1924,2423,44,79
"10/25/2010","Monday",2715,1788,927,0,0,0,380,1324,162,668,542,1992,2551,50,114
"10/24/2010","Sunday",1787,1344,443,0,0,0,298,1007,79,360,377,1367,1756,1,30
"10/23/2010","Saturday",1685,1175,510,0,0,0,269,872,93,406,362,1278,1654,2,29
"10/22/2010","Friday",2229,1408,821,0,0,0,322,1042,152,617,474,1659,2155,31,43
"10/21/2010","Thursday",2477,1624,853,0,0,0,368,1197,157,638,525,1835,2371,37,69
"10/20/2010","Wednesday",2643,1747,896,0,0,0,354,1333,152,679,506,2012,2528,44,71
"10/19/2010","Tuesday",2724,1809,915,0,0,0,403,1343,171,675,574,2018,2609,39,76
"10/18/2010","Monday",2904,1916,988,0,0,0,392,1470,140,774,532,2244,2792,31,81
"10/17/2010","Sunday",1864,1430,434,0,0,0,325,1067,73,353,398,1420,1834,2,28
"10/16/2010","Saturday",1857,1302,555,0,0,0,327,950,106,431,433,1381,1832,9,16
"10/15/2010","Friday",2596,1686,910,0,0,0,342,1304,156,695,498,1999,2520,41,35
"10/14/2010","Thursday",2691,1725,966,0,0,0,382,1296,180,711,562,2007,2584,49,58
"10/13/2010","Wednesday",2740,1781,959,0,0,0,384,1349,167,708,551,2057,2622,58,60
"10/12/2010","Tuesday",2909,1894,1015,0,0,0,413,1423,172,756,585,2179,2781,57,71
"10/11/2010","Monday",2949,2002,947,0,0,0,447,1502,153,724,600,2226,2845,47,57
"10/10/2010","Sunday",1878,1419,459,0,0,0,319,1065,91,363,410,1428,1848,3,27
"10/9/2010","Saturday",1951,1337,614,0,0,0,321,992,105,494,426,1486,1929,3,19
"10/8/2010","Friday",2562,1671,891,0,0,0,393,1239,146,688,539,1927,2482,40,40
"10/7/2010","Thursday",2996,2002,994,0,0,0,465,1478,172,741,637,2219,2879,55,62
"10/6/2010","Wednesday",2955,1950,1005,0,0,0,442,1455,175,748,617,2203,2838,61,56
"10/5/2010","Tuesday",3075,1989,1086,0,0,0,422,1508,185,817,607,2325,2951,64,60
"10/4/2010","Monday",3217,2105,1112,0,0,0,483,1576,187,833,670,2409,3104,61,52
"10/3/2010","Sunday",2121,1597,524,0,0,0,373,1188,112,403,485,1591,2090,3,28
"10/2/2010","Saturday",2168,1463,705,0,0,0,361,1064,119,566,480,1630,2134,10,24
"10/1/2010","Friday",2740,1710,1030,0,0,0,427,1238,205,754,632,1992,2644,64,32
"9/30/2010","Thursday",2983,1977,1006,0,0,0,503,1442,164,761,667,2203,2887,64,32
"9/29/2010","Wednesday",2713,1773,940,0,0,0,414,1312,172,704,586,2016,2619,43,51
"9/28/2010","Tuesday",2801,1900,901,0,0,0,441,1415,144,687,585,2102,2697,53,51
"9/27/2010","Monday",2975,2004,971,0,0,0,463,1495,169,724,632,2219,2862,59,54
"9/26/2010","Sunday",1895,1467,428,0,0,0,368,1064,84,338,452,1402,1872,2,21
"9/25/2010","Saturday",1871,1316,555,0,0,0,303,989,111,438,414,1427,1858,1,12
"9/24/2010","Friday",2431,1576,855,0,0,0,387,1161,151,629,538,1790,2347,61,23
"9/23/2010","Thursday",2745,1805,940,0,0,0,418,1346,182,680,600,2026,2643,67,35
"9/22/2010","Wednesday",2765,1862,903,0,0,0,403,1411,151,667,554,2078,2662,74,29
"9/21/2010","Tuesday",2798,1880,918,0,0,0,436,1411,165,671,601,2082,2699,64,35
"9/20/2010","Monday",3172,2130,1042,0,0,0,447,1644,207,728,654,2372,3043,90,39
"9/19/2010","Sunday",2023,1541,482,0,0,0,361,1156,104,369,465,1525,2001,1,21
"9/18/2010","Saturday",1968,1322,646,0,0,0,333,973,124,512,457,1485,1954,3,11
"9/17/2010","Friday",2723,1785,938,0,0,0,410,1342,156,674,566,2016,2598,98,27
"9/16/2010","Thursday",2984,1953,1031,0,0,0,449,1471,180,750,629,2221,2864,86,34
"9/15/2010","Wednesday",2973,1990,983,0,0,0,469,1479,170,709,639,2188,2843,93,37
"9/14/2010","Tuesday",3035,2035,1000,0,0,0,494,1506,147,751,641,2257,2911,82,42
"9/13/2010","Monday",3240,2177,1063,0,0,0,478,1661,193,770,671,2431,3115,85,40
"9/12/2010","Sunday",2316,1811,505,0,0,0,414,1371,100,400,514,1771,2296,1,19
"9/11/2010","Saturday",2181,1534,647,0,0,0,371,1145,104,535,475,1680,2166,2,13
"9/10/2010","Friday",2912,1880,1032,0,0,0,451,1399,179,763,630,2162,2807,78,27
"9/9/2010","Thursday",3237,2166,1071,0,0,0,549,1578,183,814,732,2392,3134,64,39
"9/8/2010","Wednesday",3207,2163,1044,0,0,0,533,1591,187,772,720,2363,3107,65,35
"9/7/2010","Tuesday",3203,2105,1098,0,0,0,502,1567,189,806,691,2373,3074,89,40
"9/6/2010","Monday",2080,1578,502,0,0,0,367,1182,103,375,470,1557,2038,20,22
"9/5/2010","Sunday",1468,1125,343,0,0,0,277,831,57,282,334,1113,1455,0,13
"9/4/2010","Saturday",1878,1337,541,0,0,0,343,964,101,436,444,1400,1858,1,19
"9/3/2010","Friday",2510,1618,892,0,0,0,401,1184,167,604,568,1788,2376,99,35
"9/2/2010","Thursday",2726,1822,904,0,0,0,457,1337,170,661,627,1998,2641,61,24
"9/1/2010","Wednesday",2656,1745,911,0,0,0,411,1295,159,662,570,1957,2545,81,30
"8/31/2010","Tuesday",2490,1673,817,0,0,0,398,1234,152,561,550,1795,2360,86,44
"8/30/2010","Monday",2476,1674,802,0,0,0,397,1237,147,579,544,1816,2383,59,34
"8/29/2010","Sunday",1520,1190,330,0,0,0,309,857,69,258,378,1115,1506,0,14
"8/28/2010","Saturday",1460,1023,437,0,0,0,261,742,77,353,338,1095,1449,1,10
"8/27/2010","Friday",1924,1259,665,0,0,0,330,901,127,479,457,1380,1856,47,21
"8/26/2010","Thursday",2206,1424,782,0,0,0,356,1020,126,549,482,1569,2064,91,51
"8/25/2010","Wednesday",2136,1403,733,0,0,0,347,1007,132,499,479,1506,1993,83,60
"8/24/2010","Tuesday",2105,1456,649,0,0,0,378,1029,106,465,484,1494,1992,59,54
"8/23/2010","Monday",2268,1501,767,0,0,0,349,1105,135,541,484,1646,2142,71,55
"8/22/2010","Sunday",1452,1123,329,0,0,0,259,831,54,268,313,1099,1424,2,26
"8/21/2010","Saturday",1534,1073,461,0,0,0,249,805,82,374,331,1179,1515,4,15
"8/20/2010","Friday",2049,1323,726,0,0,0,337,961,115,553,452,1514,1976,44,29
"8/19/2010","Thursday",2134,1424,710,0,0,0,377,998,119,520,496,1518,2027,56,51
"8/18/2010","Wednesday",2262,1488,774,0,0,0,351,1072,132,534,483,1606,2105,89,68
"8/17/2010","Tuesday",2266,1526,740,0,0,0,387,1097,116,502,503,1599,2115,81,70
"8/16/2010","Monday",2475,1642,833,0,0,0,389,1191,138,557,527,1748,2283,99,93
"8/15/2010","Sunday",1427,1095,332,0,0,0,256,815,67,260,323,1075,1405,2,20
"8/14/2010","Saturday",1494,1054,440,0,0,0,256,783,72,358,328,1141,1475,2,17
"8/13/2010","Friday",2094,1381,713,0,0,0,330,1006,123,510,453,1516,1976,53,65
"8/12/2010","Thursday",2138,1412,726,0,0,0,333,1038,122,514,455,1552,2015,57,66
"8/11/2010","Wednesday",2194,1472,722,0,0,0,343,1073,103,512,446,1585,2035,66,93
"8/10/2010","Tuesday",2304,1524,780,0,0,0,339,1121,123,543,462,1664,2138,76,90
"8/9/2010","Monday",2571,1738,833,0,0,0,400,1243,141,599,541,1842,2398,31,142
"8/8/2010","Sunday",1469,1099,370,0,0,0,275,807,71,290,346,1097,1452,1,16
"8/7/2010","Saturday",1469,1022,447,0,0,0,276,722,96,342,372,1064,1445,0,24
"8/6/2010","Friday",2144,1370,774,0,0,0,347,982,160,534,507,1516,2034,55,55
"8/5/2010","Thursday",2237,1489,748,0,0,0,362,1070,152,514,514,1584,2112,56,69
"8/4/2010","Wednesday",2411,1596,815,0,0,0,407,1119,157,557,564,1676,2256,50,105
"8/3/2010","Tuesday",2494,1662,832,0,0,0,374,1223,150,570,524,1793,2329,43,122
"8/2/2010","Monday",2510,1653,857,0,0,0,337,1226,134,607,471,1833,2317,58,135
"8/1/2010","Sunday",1425,1121,304,0,0,0,244,858,43,251,287,1109,1403,1,21
"7/31/2010","Saturday",1424,1028,396,0,0,0,259,745,67,313,326,1058,1398,5,21
"7/30/2010","Friday",1913,1270,643,0,0,0,284,938,105,469,389,1407,1805,20,88
"7/29/2010","Thursday",1995,1332,663,0,0,0,291,966,119,468,410,1434,1860,29,106
"7/28/2010","Wednesday",2015,1341,674,0,0,0,280,983,108,476,388,1459,1855,52,108
"7/27/2010","Tuesday",2179,1464,715,0,0,0,302,1060,104,504,406,1564,1984,46,149
"7/26/2010","Monday",2325,1519,806,0,0,0,295,1113,123,521,418,1634,2064,76,185
"7/25/2010","Sunday",1260,972,288,0,0,0,228,710,57,224,285,934,1227,1,32
"7/24/2010","Saturday",1304,910,394,0,0,0,223,670,73,308,296,978,1285,0,19
"7/23/2010","Friday",1887,1257,630,0,0,0,275,923,106,478,381,1401,1797,17,73
"7/22/2010","Thursday",2001,1325,676,0,0,0,254,1000,104,479,358,1479,1848,37,116
"7/21/2010","Wednesday",2192,1443,749,0,0,0,319,1045,129,523,448,1568,2029,41,122
"7/20/2010","Tuesday",2175,1423,752,0,0,0,327,1018,139,496,466,1514,1992,48,135
"7/19/2010","Monday",2371,1596,775,0,0,0,317,1185,134,523,451,1708,2171,38,162
"7/18/2010","Sunday",1229,955,274,0,0,0,210,719,41,228,251,947,1206,0,23
"7/17/2010","Saturday",1381,953,428,0,0,0,232,692,72,345,304,1037,1345,4,32
"7/16/2010","Friday",1941,1272,669,0,0,0,304,913,112,498,416,1411,1835,23,83
"7/15/2010","Thursday",2206,1462,744,0,0,0,291,1098,112,530,403,1628,2041,34,131
"7/14/2010","Wednesday",2096,1417,679,0,0,0,295,1053,119,477,414,1530,1961,28,107
"7/13/2010","Tuesday",2341,1589,752,0,0,0,346,1161,131,518,477,1679,2168,38,135
"7/12/2010","Monday",2416,1650,766,0,0,0,343,1194,139,532,482,1726,2217,30,169
"7/11/2010","Sunday",1325,1034,291,0,0,0,237,760,58,228,295,988,1290,1,34
"7/10/2010","Saturday",1436,1008,428,0,0,0,222,764,84,337,306,1101,1416,3,17
"7/9/2010","Friday",2003,1316,687,0,0,0,303,960,113,512,416,1472,1899,20,84
"7/8/2010","Thursday",2217,1495,722,0,0,0,296,1114,113,522,409,1636,2060,21,136
"7/7/2010","Wednesday",2290,1561,729,0,0,0,291,1201,114,496,405,1697,2108,37,145
"7/6/2010","Tuesday",2378,1542,836,0,0,0,302,1149,125,606,427,1755,2188,34,156
"7/5/2010","Monday",1696,1238,458,0,0,0,247,951,100,347,347,1298,1652,2,42
"7/4/2010","Sunday",685,528,157,0,0,0,140,371,28,127,168,498,670,0,15
"7/3/2010","Saturday",1022,730,292,0,0,0,172,534,55,233,227,767,1000,0,22
"7/2/2010","Friday",1689,1149,540,0,0,0,255,854,99,399,354,1253,1614,7,68
"7/1/2010","Thursday",1944,1288,656,0,0,0,252,960,127,434,379,1394,1787,45,112
"6/30/2010","Wednesday",1852,1256,596,0,0,0,286,890,111,405,397,1295,1700,12,140
"6/29/2010","Tuesday",1837,1196,641,0,0,0,270,841,120,422,390,1263,1660,19,158
"6/28/2010","Monday",1922,1304,618,0,0,0,283,929,98,407,381,1336,1722,30,170
"6/27/2010","Sunday",1081,865,216,0,0,0,210,627,34,174,244,801,1051,0,30
"6/26/2010","Saturday",1036,726,310,0,0,0,183,522,53,250,236,772,1016,1,19
"6/25/2010","Friday",1485,955,530,0,0,0,222,685,81,388,303,1073,1379,20,86
"6/24/2010","Thursday",1662,1075,587,0,0,0,209,785,89,425,298,1210,1509,16,137
"6/23/2010","Wednesday",1779,1166,613,0,0,0,256,816,107,415,363,1231,1605,23,151
"6/22/2010","Tuesday",1842,1163,679,0,0,0,241,856,125,455,366,1311,1685,24,133
"6/21/2010","Monday",1910,1259,651,0,0,0,231,931,114,433,345,1364,1720,25,165
"6/20/2010","Sunday",893,686,207,0,0,0,136,523,39,162,175,685,868,1,24
"6/19/2010","Saturday",968,651,317,0,0,0,131,496,51,254,182,750,937,2,29
"6/18/2010","Friday",1519,961,558,0,0,0,221,697,91,402,312,1099,1419,15,85
"6/17/2010","Thursday",1821,1265,556,0,0,0,293,883,101,372,394,1255,1657,31,133
"6/16/2010","Wednesday",1845,1212,633,0,0,0,263,873,85,446,348,1319,1674,38,133
"6/15/2010","Tuesday",1964,1312,652,0,0,0,248,978,115,430,363,1408,1791,9,164
"6/14/2010","Monday",2115,1364,751,0,0,0,275,981,117,472,392,1453,1851,39,225
"6/13/2010","Sunday",1182,920,262,0,0,0,218,678,45,210,263,888,1155,0,27
"6/12/2010","Saturday",1120,758,362,0,0,0,166,567,62,291,228,858,1095,0,25
"6/11/2010","Friday",1693,1104,589,0,0,0,246,785,104,415,350,1200,1557,21,115
"6/10/2010","Thursday",1891,1207,684,0,0,0,251,874,108,456,359,1330,1702,46,143
"6/9/2010","Wednesday",2001,1309,692,0,0,0,268,926,95,481,363,1407,1784,20,197
"6/8/2010","Tuesday",2079,1354,725,0,0,0,298,954,113,476,411,1430,1854,32,193
"6/7/2010","Monday",2288,1540,748,0,0,0,292,1140,123,482,415,1622,2050,16,222
"6/6/2010","Sunday",1317,1014,303,0,0,0,246,728,57,236,303,964,1275,0,42
"6/5/2010","Saturday",1370,917,453,0,0,0,220,653,89,353,309,1006,1325,0,45
"6/4/2010","Friday",1869,1207,662,0,0,0,262,867,120,463,382,1330,1721,15,133
"6/3/2010","Thursday",2300,1573,727,0,0,0,307,1157,120,489,427,1646,2084,23,193
"6/2/2010","Wednesday",2672,1912,760,0,0,0,416,1359,111,532,527,1891,2431,24,217
"6/1/2010","Tuesday",2191,1450,741,0,0,0,274,1052,109,520,383,1572,1974,23,194
"5/31/2010","Monday",1166,886,280,0,0,0,149,696,37,216,186,912,1104,6,56
"5/30/2010","Sunday",784,603,181,0,0,0,115,473,40,137,155,610,767,0,17
"5/29/2010","Saturday",1014,694,320,0,0,0,115,555,53,255,168,810,981,0,33
"5/28/2010","Friday",1491,926,565,0,0,0,142,710,97,409,239,1119,1366,5,120
"5/27/2010","Thursday",1667,1089,578,0,0,0,168,825,78,399,246,1224,1472,8,187
"5/26/2010","Wednesday",1852,1213,639,0,0,0,195,895,78,435,273,1330,1605,22,225
"5/25/2010","Tuesday",2026,1361,665,0,0,0,200,1038,107,444,307,1482,1789,13,224
"5/24/2010","Monday",2185,1473,712,0,0,0,210,1103,83,479,293,1582,1882,20,283
"5/23/2010","Sunday",1179,914,265,0,0,0,125,744,48,208,173,952,1129,1,49
"5/22/2010","Saturday",1193,810,383,0,0,0,143,634,55,312,198,946,1150,1,42
"5/21/2010","Friday",1796,1135,661,0,0,0,177,874,77,486,254,1360,1617,22,157
"5/20/2010","Thursday",1937,1268,669,0,0,0,205,967,103,470,308,1437,1748,22,167
"5/19/2010","Wednesday",2107,1388,719,0,0,0,220,1048,99,512,319,1560,1881,19,207
"5/18/2010","Tuesday",2365,1564,801,0,0,0,244,1189,95,557,339,1746,2087,32,246
"5/17/2010","Monday",2504,1707,797,0,0,0,241,1291,109,551,350,1842,2199,26,279
"5/16/2010","Sunday",1422,1122,300,0,0,0,171,913,37,258,208,1171,1380,0,42
"5/15/2010","Saturday",1449,1026,423,0,0,0,153,839,58,356,211,1195,1409,1,39
"5/14/2010","Friday",2013,1377,636,0,0,0,247,1041,84,468,331,1509,1845,19,149
"5/13/2010","Thursday",2166,1400,766,0,0,0,219,1067,86,554,305,1621,1934,17,215
"5/12/2010","Wednesday",2275,1481,794,0,0,0,231,1123,103,575,334,1698,2037,16,222
"5/11/2010","Tuesday",2504,1659,845,0,0,0,251,1237,89,601,340,1838,2187,38,279
"5/10/2010","Monday",2500,1683,817,0,0,0,232,1303,115,571,347,1874,2228,13,259
"5/9/2010","Sunday",989,790,199,0,0,0,128,634,35,157,163,791,956,0,33
"5/8/2010","Saturday",1250,860,390,0,0,0,154,664,64,317,218,981,1202,1,47
"5/7/2010","Friday",1838,1232,606,0,0,0,220,903,97,450,317,1353,1676,6,156
"5/6/2010","Thursday",2101,1395,706,0,0,0,210,1064,90,520,300,1584,1888,11,202
"5/5/2010","Wednesday",2172,1436,736,0,0,0,242,1096,112,495,354,1591,1947,32,193
"5/4/2010","Tuesday",2347,1529,818,0,0,0,260,1152,127,573,387,1725,2118,12,217
"5/3/2010","Monday",2530,1657,873,0,0,0,215,1294,109,618,324,1912,2243,38,249
"5/2/2010","Sunday",1407,1064,343,0,0,0,189,841,54,279,243,1120,1366,1,40
"5/1/2010","Saturday",1409,950,459,0,0,0,170,762,79,372,249,1134,1386,2,21
"4/30/2010","Friday",1887,1183,704,0,0,0,180,917,107,513,287,1430,1721,28,138
"4/29/2010","Thursday",2065,1345,720,0,0,0,203,1049,95,519,298,1568,1868,32,165
"4/28/2010","Wednesday",2181,1387,794,0,0,0,203,1068,105,542,308,1610,1919,45,217
"4/27/2010","Tuesday",2257,1454,803,0,0,0,233,1104,120,555,353,1659,2017,31,209
"4/26/2010","Monday",2427,1654,773,0,0,0,228,1308,103,553,331,1861,2196,13,218
"4/25/2010","Sunday",1427,1100,327,0,0,0,183,876,41,279,224,1155,1381,0,46
"4/24/2010","Saturday",1338,919,419,0,0,0,168,726,57,353,225,1079,1308,0,30
"4/23/2010","Friday",1897,1154,743,0,0,0,198,885,98,556,296,1441,1741,17,139
"4/22/2010","Thursday",2158,1326,832,0,0,0,225,1014,114,579,339,1593,1937,47,174
"4/21/2010","Wednesday",2222,1433,789,0,0,0,202,1135,122,554,324,1689,2016,20,186
"4/20/2010","Tuesday",2278,1532,746,0,0,0,239,1178,91,545,330,1723,2061,26,191
"4/19/2010","Monday",2496,1651,845,0,0,0,240,1297,120,599,360,1896,2261,34,201
"4/18/2010","Sunday",1507,1165,342,0,0,0,179,941,53,283,232,1224,1460,1,46
"4/17/2010","Saturday",1452,1026,426,0,0,0,173,823,57,367,230,1190,1424,0,28
"4/16/2010","Friday",2144,1355,789,0,0,0,223,1025,117,580,340,1605,1948,30,166
"4/15/2010","Thursday",2327,1558,769,0,0,0,255,1206,89,568,344,1774,2124,30,173
"4/14/2010","Wednesday",2252,1454,798,0,0,0,233,1118,113,587,346,1705,2059,29,164
"4/13/2010","Tuesday",2499,1703,796,0,0,0,251,1347,107,588,358,1935,2296,31,172
"4/12/2010","Monday",2660,1807,853,0,0,0,302,1404,127,634,429,2038,2472,26,162
"4/11/2010","Sunday",1660,1303,357,0,0,0,210,1074,64,289,274,1363,1641,0,19
"4/10/2010","Saturday",1539,1062,477,0,0,0,182,852,74,394,256,1246,1513,2,24
"4/9/2010","Friday",2122,1388,734,0,0,0,243,1084,111,550,354,1634,1991,22,109
"4/8/2010","Thursday",2343,1588,755,0,0,0,258,1247,97,546,355,1793,2152,32,159
"4/7/2010","Wednesday",2388,1571,817,0,0,0,230,1246,116,618,346,1864,2218,21,149
"4/6/2010","Tuesday",2521,1706,815,0,0,0,276,1315,125,586,401,1901,2306,23,192
"4/5/2010","Monday",2542,1730,812,0,0,0,253,1393,109,618,362,2011,2380,27,135
"4/4/2010","Sunday",810,663,147,0,0,0,121,532,25,121,146,653,801,0,9
"4/3/2010","Saturday",1162,808,354,0,0,0,127,668,53,297,180,965,1148,0,14
"4/2/2010","Friday",1667,1089,578,0,0,0,171,864,96,447,267,1311,1582,17,68
"4/1/2010","Thursday",1939,1270,669,0,0,0,190,1015,119,476,309,1491,1803,18,118
"3/31/2010","Wednesday",2112,1404,708,0,0,0,222,1130,113,494,335,1624,1966,32,114
"3/30/2010","Tuesday",2220,1477,743,0,0,0,211,1184,120,541,331,1725,2063,22,135
"3/29/2010","Monday",2399,1577,822,0,0,0,229,1259,125,591,354,1850,2211,33,155
"3/28/2010","Sunday",1415,1081,334,0,0,0,171,892,68,266,239,1158,1399,0,16
"3/27/2010","Saturday",1427,973,454,0,0,0,170,789,90,359,260,1148,1410,0,17
"3/26/2010","Friday",1991,1220,771,0,0,0,216,932,139,564,355,1496,1861,24,106
"3/25/2010","Thursday",2298,1513,785,0,0,0,266,1167,129,573,395,1740,2140,25,133
"3/24/2010","Wednesday",2389,1586,803,0,0,0,256,1256,134,577,390,1833,2230,37,122
"3/23/2010","Tuesday",2508,1628,880,0,0,0,288,1248,145,625,433,1873,2315,40,153
"3/22/2010","Monday",2825,1852,973,0,0,0,295,1474,147,722,442,2196,2645,45,135
"3/21/2010","Sunday",1605,1200,405,0,0,0,209,970,72,326,281,1296,1584,0,21
"3/20/2010","Saturday",1594,1068,526,0,0,0,174,875,78,431,252,1306,1567,7,20
"3/19/2010","Friday",2299,1431,868,0,0,0,256,1130,119,672,375,1802,2188,25,86
"3/18/2010","Thursday",2549,1644,905,0,0,0,287,1277,132,696,419,1973,2405,30,114
"3/17/2010","Wednesday",2554,1630,924,0,0,0,278,1288,136,720,414,2008,2425,30,99
"3/16/2010","Tuesday",2813,1833,980,0,0,0,309,1460,149,733,458,2193,2653,41,119
"3/15/2010","Monday",3153,2052,1101,0,0,0,316,1671,171,849,487,2520,3009,35,109
"3/14/2010","Sunday",2042,1534,508,0,0,0,263,1241,89,414,352,1655,2007,2,33
"3/13/2010","Saturday",2129,1452,677,0,0,0,269,1162,105,567,374,1729,2105,4,20
"3/12/2010","Friday",2713,1701,1012,0,0,0,323,1338,165,762,488,2100,2589,60,64
"3/11/2010","Thursday",3022,1980,1042,0,0,0,357,1552,156,803,513,2355,2868,42,112
"3/10/2010","Wednesday",3203,2089,1114,0,0,0,331,1698,174,851,505,2549,3055,43,105
"3/9/2010","Tuesday",3404,2240,1164,0,0,0,335,1818,194,883,529,2701,3232,31,141
"3/8/2010","Monday",3819,2523,1296,0,0,0,398,2047,208,986,606,3033,3639,40,140
"3/7/2010","Sunday",2351,1793,558,0,0,0,302,1471,80,471,382,1942,2324,0,27
"3/6/2010","Saturday",2473,1717,756,0,0,0,313,1376,133,623,446,1999,2446,0,27
"3/5/2010","Friday",3384,2133,1251,0,0,0,406,1677,197,982,603,2659,3263,39,82
"3/4/2010","Thursday",3588,2380,1208,0,0,0,417,1897,217,922,634,2819,3454,43,91
"3/3/2010","Wednesday",4005,2662,1343,0,0,0,443,2149,212,1073,655,3222,3877,29,99
"3/2/2010","Tuesday",4028,2651,1377,0,0,0,443,2142,241,1063,684,3205,3889,41,98
"3/1/2010","Monday",4271,2822,1449,0,0,0,497,2236,251,1116,748,3352,4100,40,131
"2/28/2010","Sunday",2506,1851,655,0,0,0,321,1500,124,525,445,2025,2470,3,33
"2/27/2010","Saturday",2555,1731,824,0,0,0,311,1389,133,680,444,2069,2513,1,41
"2/26/2010","Friday",3075,1942,1133,0,0,0,344,1559,212,876,556,2435,2991,27,57
"2/25/2010","Thursday",3300,2176,1124,0,0,0,406,1726,176,864,582,2590,3172,52,76
"2/24/2010","Wednesday",3358,2175,1183,0,0,0,350,1759,205,906,555,2665,3220,48,90
"2/23/2010","Tuesday",3463,2216,1247,0,0,0,356,1797,221,973,577,2770,3347,20,96
"2/22/2010","Monday",3903,2507,1396,0,0,0,440,2009,227,1084,667,3093,3761,54,88
"2/21/2010","Sunday",2575,1930,645,0,0,0,314,1590,104,537,418,2127,2546,2,27
"2/20/2010","Saturday",2432,1604,828,0,0,0,292,1302,138,684,430,1986,2416,4,12
"2/19/2010","Friday",3301,2080,1221,0,0,0,374,1661,211,959,585,2620,3205,37,59
"2/18/2010","Thursday",3459,2175,1284,0,0,0,397,1737,218,984,615,2721,3336,55,68
"2/17/2010","Wednesday",3540,2248,1292,1,1,0,388,1804,204,1010,592,2814,3407,50,83
"2/16/2010","Tuesday",3692,2384,1308,0,0,0,392,1929,248,991,640,2920,3561,48,83
"2/15/2010","Monday",3580,2315,1265,0,0,0,389,1894,203,1016,592,2910,3502,36,42
"2/14/2010","Sunday",2097,1506,591,0,0,0,270,1219,100,489,370,1708,2079,0,18
"2/13/2010","Saturday",2568,1616,952,0,0,0,321,1267,174,771,495,2038,2533,4,31
"2/12/2010","Friday",2322,2321,1,0,0,0,421,1860,0,1,421,1861,2283,0,39
"2/11/2010","Thursday",2689,2145,544,0,0,0,386,1702,98,417,484,2119,2603,17,69
"2/10/2010","Wednesday",3302,2140,1162,0,0,0,361,1715,198,922,559,2637,3196,24,82
"2/9/2010","Tuesday",3374,2176,1198,0,0,0,371,1755,220,922,591,2677,3268,40,66
"2/8/2010","Monday",3740,2389,1351,0,0,0,414,1934,247,1046,661,2980,3642,33,65
"2/7/2010","Sunday",2313,1707,606,0,0,0,286,1391,106,495,392,1886,2278,1,34
"2/6/2010","Saturday",2661,1864,797,0,0,0,322,1522,153,641,475,2163,2638,2,21
"2/5/2010","Friday",3426,2197,1229,0,0,0,413,1746,242,943,655,2689,3344,35,47
"2/4/2010","Thursday",3589,2342,1247,0,0,0,432,1874,230,972,662,2846,3508,28,53
"2/3/2010","Wednesday",3811,2441,1370,0,0,0,413,1980,250,1061,663,3041,3704,33,74
"2/2/2010","Tuesday",3863,2509,1354,0,0,0,408,2039,266,1037,674,3076,3750,35,78
"2/1/2010","Monday",3960,2550,1410,0,0,0,426,2067,255,1093,681,3160,3842,43,75
"1/31/2010","Sunday",2549,1880,669,0,0,0,356,1493,135,526,491,2019,2510,2,37
"1/30/2010","Saturday",2512,1662,850,0,0,0,284,1350,178,665,462,2015,2477,2,33
"1/29/2010","Friday",2983,1885,1098,0,0,0,317,1538,188,853,505,2391,2896,48,39
"1/28/2010","Thursday",3138,1997,1141,0,0,0,375,1584,208,863,583,2447,3030,47,61
"1/27/2010","Wednesday",3262,2091,1171,0,0,0,348,1700,236,865,584,2565,3149,47,66
"1/26/2010","Tuesday",3371,2188,1183,0,0,0,361,1775,189,916,550,2691,3241,49,81
"1/25/2010","Monday",3471,2258,1213,0,0,0,348,1856,235,900,583,2756,3339,53,79
"1/24/2010","Sunday",2553,1894,659,0,0,0,281,1586,132,524,413,2110,2523,1,29
"1/23/2010","Saturday",2539,1695,844,0,0,0,284,1387,157,683,441,2070,2511,3,25
"1/22/2010","Friday",3229,1985,1244,0,0,0,335,1611,224,952,559,2563,3122,50,57
"1/21/2010","Thursday",3526,2294,1232,0,0,0,399,1840,232,929,631,2769,3400,48,78
"1/20/2010","Wednesday",3524,2291,1233,0,0,0,360,1873,204,955,564,2828,3392,56,76
"1/19/2010","Tuesday",3569,2381,1188,0,0,0,392,1923,174,944,566,2867,3433,52,84
"1/18/2010","Monday",3475,2377,1098,0,0,0,345,1999,162,887,507,2886,3393,36,46
"1/17/2010","Sunday",2627,1966,661,0,0,0,317,1609,97,554,414,2163,2577,5,45
"1/16/2010","Saturday",2720,1883,837,0,0,0,301,1555,94,739,395,2294,2689,2,29
"1/15/2010","Friday",3558,2333,1225,0,0,0,373,1914,164,995,537,2909,3446,44,68
"1/14/2010","Thursday",3803,2552,1251,0,0,0,417,2091,170,1017,587,3108,3695,42,66
"1/13/2010","Wednesday",3777,2500,1277,0,0,0,405,2041,158,1032,563,3073,3636,56,85
"1/12/2010","Tuesday",3884,2602,1282,0,0,0,381,2162,167,1039,548,3201,3748,55,81
"1/11/2010","Monday",4356,2943,1413,0,0,0,422,2462,181,1153,603,3615,4218,54,84
"1/10/2010","Sunday",3062,2322,740,0,0,0,354,1934,100,638,454,2572,3026,1,35
"1/9/2010","Saturday",3092,2155,937,0,0,0,327,1806,152,782,479,2588,3067,0,25
"1/8/2010","Friday",3694,2461,1233,0,0,0,373,2055,158,1003,531,3058,3589,57,48
"1/7/2010","Thursday",3706,2658,1048,0,0,0,384,2225,122,876,506,3101,3607,34,65
"1/6/2010","Wednesday",4210,2879,1331,0,0,0,420,2401,164,1088,584,3489,4074,60,76
"1/5/2010","Tuesday",4452,3066,1386,0,0,0,451,2560,177,1117,628,3677,4305,61,86
"1/4/2010","Monday",4475,3072,1403,0,0,0,423,2604,211,1131,634,3735,4369,39,67
"1/3/2010","Sunday",3062,2332,730,0,0,0,384,1918,139,587,523,2505,3028,1,33
"1/2/2010","Saturday",2797,1967,830,0,0,0,350,1587,134,693,484,2280,2764,0,33
"1/1/2010","Friday",1976,1518,458,0,0,0,294,1211,93,365,387,1576,1963,0,13
"12/31/2009","Thursday",1990,1379,611,0,0,0,240,1129,88,509,328,1638,1966,11,13
"12/30/2009","Wednesday",2765,1963,802,0,0,0,368,1569,134,623,502,2192,2694,28,43
"12/29/2009","Tuesday",2523,1741,782,0,0,0,285,1419,140,621,425,2040,2465,12,46
"12/28/2009","Monday",2523,1741,782,0,0,0,292,1406,119,631,411,2037,2448,17,58
"12/27/2009","Sunday",1474,1128,346,0,0,0,217,890,52,292,269,1182,1451,0,23
"12/26/2009","Saturday",1441,964,477,0,0,0,177,771,85,389,262,1160,1422,0,19
"12/25/2009","Friday",362,362,0,0,0,0,95,253,0,0,95,253,348,0,14
"12/24/2009","Thursday",588,456,132,0,0,0,95,353,24,106,119,459,578,1,9
"12/23/2009","Wednesday",966,687,279,0,0,0,135,534,53,218,188,752,940,5,21
"12/22/2009","Tuesday",1162,796,366,0,0,0,152,622,57,294,209,916,1125,4,33
"12/21/2009","Monday",1330,889,441,0,0,0,164,692,60,345,224,1037,1261,6,63
"12/20/2009","Sunday",880,628,252,0,0,0,146,463,50,197,196,660,856,0,24
"12/19/2009","Saturday",908,604,304,0,0,0,106,482,59,243,165,725,890,0,18
"12/18/2009","Friday",1408,848,560,0,0,0,160,664,80,449,240,1113,1353,11,44
"12/17/2009","Thursday",1667,1078,589,0,0,0,217,829,91,468,308,1297,1605,12,50
"12/16/2009","Wednesday",1794,1145,649,0,0,0,224,884,94,508,318,1392,1710,24,60
"12/15/2009","Tuesday",1957,1268,689,0,0,0,216,1008,117,512,333,1520,1853,33,71
"12/14/2009","Monday",2152,1401,751,0,0,0,225,1113,100,611,325,1724,2049,15,88
"12/13/2009","Sunday",1296,977,319,0,0,0,216,735,57,260,273,995,1268,0,28
"12/12/2009","Saturday",1292,843,449,0,0,0,163,664,52,391,215,1055,1270,0,22
"12/11/2009","Friday",1801,1067,734,0,0,0,197,840,96,603,293,1443,1736,18,47
"12/10/2009","Thursday",1968,1200,768,0,0,0,237,921,115,612,352,1533,1885,17,66
"12/9/2009","Wednesday",2195,1409,786,0,0,0,240,1120,103,642,343,1762,2105,20,70
"12/8/2009","Tuesday",2337,1459,878,0,0,0,243,1165,136,682,379,1847,2226,31,80
"12/7/2009","Monday",2626,1629,997,0,0,0,272,1302,137,790,409,2092,2501,28,97
"12/6/2009","Sunday",1676,1184,492,0,0,0,214,946,97,391,311,1337,1648,1,27
"12/5/2009","Saturday",1688,1071,617,0,0,0,210,842,101,508,311,1350,1661,1,26
"12/4/2009","Friday",2350,1428,922,0,0,0,252,1136,132,748,384,1884,2269,13,68
"12/3/2009","Thursday",2744,1765,979,0,0,0,321,1379,146,780,467,2159,2626,25,93
"12/2/2009","Wednesday",2870,1801,1069,0,0,0,298,1441,135,849,433,2290,2723,44,103
"12/1/2009","Tuesday",2963,1907,1056,0,0,0,315,1533,131,858,446,2391,2837,32,94
"11/30/2009","Monday",3027,1958,1069,0,0,0,310,1577,138,871,448,2448,2896,15,116
"11/29/2009","Sunday",1773,1307,466,0,0,0,206,1073,71,386,277,1459,1736,1,36
"11/28/2009","Saturday",1565,1017,548,0,0,0,193,810,84,458,277,1268,1545,0,20
"11/27/2009","Friday",1659,1002,657,0,0,0,209,776,91,560,300,1336,1636,4,19
"11/26/2009","Thursday",422,422,0,0,0,0,74,340,0,0,74,340,414,0,8
"11/25/2009","Wednesday",1506,967,539,0,0,0,164,778,81,444,245,1222,1467,4,35
"11/24/2009","Tuesday",1947,1284,663,0,0,0,242,1008,85,550,327,1558,1885,13,49
"11/23/2009","Monday",2370,1538,832,0,0,0,242,1247,126,651,368,1898,2266,29,75
"11/22/2009","Sunday",1546,1157,389,0,0,0,184,943,74,311,258,1254,1512,0,34
"11/21/2009","Saturday",1577,1037,540,0,0,0,171,843,72,463,243,1306,1549,0,28
"11/20/2009","Friday",2168,1385,783,0,0,0,240,1097,118,613,358,1710,2068,34,66
"11/19/2009","Thursday",2453,1594,859,0,0,0,266,1272,122,686,388,1958,2346,26,81
"11/18/2009","Wednesday",2518,1611,907,0,0,0,239,1302,126,727,365,2029,2394,22,102
"11/17/2009","Tuesday",2671,1741,930,0,0,0,309,1348,135,734,444,2082,2526,27,118
"11/16/2009","Monday",2989,1939,1050,0,0,0,316,1539,145,831,461,2370,2831,36,122
"11/15/2009","Sunday",1797,1331,466,0,0,0,219,1072,65,386,284,1458,1742,6,49
"11/14/2009","Saturday",1806,1192,614,0,0,0,229,930,88,510,317,1440,1757,0,49
"11/13/2009","Friday",2404,1505,899,0,0,0,288,1185,137,723,425,1908,2333,18,53
"11/12/2009","Thursday",2593,1677,916,0,0,0,282,1330,151,703,433,2033,2466,32,95
"11/11/2009","Wednesday",2650,1771,879,0,0,0,317,1383,155,675,472,2058,2530,26,94
"11/10/2009","Tuesday",2858,1876,982,0,0,0,336,1469,151,765,487,2234,2721,35,102
"11/9/2009","Monday",3047,1993,1054,0,0,0,314,1586,144,844,458,2430,2888,32,127
"11/8/2009","Sunday",1928,1448,480,0,0,0,256,1160,69,408,325,1568,1893,0,35
"11/7/2009","Saturday",1943,1327,616,0,0,0,268,1019,103,505,371,1524,1895,2,46
"11/6/2009","Friday",2561,1608,953,0,0,0,276,1281,150,749,426,2030,2456,27,78
"11/5/2009","Thursday",2873,1869,1004,0,0,0,354,1440,136,795,490,2235,2725,45,103
"11/4/2009","Wednesday",2872,1851,1021,0,0,0,299,1497,143,813,442,2310,2752,31,89
"11/3/2009","Tuesday",2922,1913,1009,0,0,0,368,1476,154,790,522,2266,2788,34,100
"11/2/2009","Monday",3139,2117,1022,0,0,0,408,1625,149,808,557,2433,2990,32,117
"11/1/2009","Sunday",1978,1481,497,0,0,0,243,1207,89,405,332,1612,1944,0,34
"10/31/2009","Saturday",1249,798,451,0,0,0,157,617,74,373,231,990,1221,0,28
"10/30/2009","Friday",1791,1217,574,0,0,0,228,951,109,436,337,1387,1724,19,48
"10/29/2009","Thursday",1958,1244,714,0,0,0,242,953,124,542,366,1495,1861,24,73
"10/28/2009","Wednesday",2251,1499,752,0,0,0,294,1163,136,566,430,1729,2159,30,62
"10/27/2009","Tuesday",2229,1503,726,0,0,0,248,1204,112,563,360,1767,2127,21,81
"10/26/2009","Monday",2630,1756,874,0,0,0,334,1357,120,667,454,2024,2478,58,94
"10/25/2009","Sunday",1511,1176,335,0,0,0,219,937,42,291,261,1228,1489,0,22
"10/24/2009","Saturday",1620,1077,543,0,0,0,223,830,103,431,326,1261,1587,2,31
"10/23/2009","Friday",2047,1264,783,0,0,0,238,992,122,616,360,1608,1968,26,53
"10/22/2009","Thursday",2361,1513,848,0,0,0,300,1166,147,645,447,1811,2258,31,72
"10/21/2009","Wednesday",2433,1572,861,0,0,0,316,1201,142,652,458,1853,2311,45,77
"10/20/2009","Tuesday",2585,1707,878,0,0,0,300,1353,133,692,433,2045,2478,37,70
"10/19/2009","Monday",2686,1753,933,0,0,0,357,1364,149,723,506,2087,2593,32,61
"10/18/2009","Sunday",1819,1347,472,0,0,0,256,1057,68,400,324,1457,1781,2,36
"10/17/2009","Saturday",1817,1199,618,0,0,0,251,936,111,504,362,1440,1802,0,15
"10/16/2009","Friday",2408,1482,926,0,0,0,271,1174,135,720,406,1894,2300,55,53
"10/15/2009","Thursday",2685,1751,934,0,0,0,355,1365,145,722,500,2087,2587,50,48
"10/14/2009","Wednesday",2740,1791,949,0,0,0,350,1399,168,698,518,2097,2615,54,71
"10/13/2009","Tuesday",2714,1707,1007,0,0,0,346,1315,155,767,501,2082,2583,55,76
"10/12/2009","Monday",2794,1848,946,0,0,0,346,1466,152,737,498,2203,2701,37,56
"10/11/2009","Sunday",1822,1317,505,0,0,0,276,1021,84,415,360,1436,1796,3,23
"10/10/2009","Saturday",1930,1289,641,0,0,0,266,1003,109,523,375,1526,1901,7,22
"10/9/2009","Friday",2570,1646,924,0,0,0,362,1253,165,724,527,1977,2504,24,42
"10/8/2009","Thursday",2764,1817,947,0,0,0,385,1404,155,735,540,2139,2679,46,39
"10/7/2009","Wednesday",2919,1911,1008,0,0,0,351,1524,160,799,511,2323,2834,36,49
"10/6/2009","Tuesday",3005,1902,1103,0,0,0,360,1519,155,856,515,2375,2890,60,55
"10/5/2009","Monday",3085,2049,1036,0,0,0,384,1622,172,816,556,2438,2994,39,52
"10/4/2009","Sunday",2029,1492,537,0,0,0,278,1196,102,430,380,1626,2006,5,18
"10/3/2009","Saturday",1991,1339,652,0,0,0,291,1036,137,512,428,1548,1976,2,13
"10/2/2009","Friday",2623,1623,1000,0,0,0,334,1267,169,782,503,2049,2552,38,33
"10/1/2009","Thursday",2856,1863,993,0,0,0,374,1459,169,765,543,2224,2766,49,41
"9/30/2009","Wednesday",2719,1769,950,0,0,0,377,1363,189,706,566,2069,2635,42,42
"9/29/2009","Tuesday",2737,1763,974,0,0,0,345,1382,149,748,494,2130,2624,60,53
"9/28/2009","Monday",2738,1800,938,0,0,0,354,1413,160,714,514,2127,2641,54,43
"9/27/2009","Sunday",1827,1366,461,0,0,0,271,1077,78,374,349,1451,1800,7,20
"9/26/2009","Saturday",1618,1096,522,0,0,0,229,858,99,420,328,1278,1606,2,10
"9/25/2009","Friday",2401,1495,906,0,0,0,341,1141,169,690,510,1831,2341,37,23
"9/24/2009","Thursday",2415,1490,925,0,0,0,312,1164,163,692,475,1856,2331,59,25
"9/23/2009","Wednesday",2579,1634,945,0,0,0,313,1285,154,713,467,1998,2465,66,48
"9/22/2009","Tuesday",2785,1811,974,0,0,0,346,1434,169,725,515,2159,2674,64,47
"9/21/2009","Monday",2815,1832,983,0,0,0,354,1457,180,735,534,2192,2726,58,31
"9/20/2009","Sunday",1869,1397,472,0,0,0,280,1107,86,375,366,1482,1848,11,10
"9/19/2009","Saturday",1831,1193,638,0,0,0,254,929,128,505,382,1434,1816,4,11
"9/18/2009","Friday",2479,1554,925,0,0,0,338,1196,164,679,502,1875,2377,71,31
"9/17/2009","Thursday",2688,1694,994,0,0,0,350,1321,164,725,514,2046,2560,93,35
"9/16/2009","Wednesday",2851,1875,976,0,0,0,360,1497,178,712,538,2209,2747,77,27
"9/15/2009","Tuesday",2887,1920,967,0,0,0,395,1490,162,729,557,2219,2776,67,44
"9/14/2009","Monday",2994,2021,973,0,0,0,405,1593,149,746,554,2339,2893,61,40
"9/13/2009","Sunday",1958,1488,470,0,0,0,318,1156,87,379,405,1535,1940,3,15
"9/12/2009","Saturday",2031,1374,657,0,0,0,322,1037,134,519,456,1556,2012,2,17
"9/11/2009","Friday",2634,1641,993,0,0,0,366,1257,163,761,529,2018,2547,63,24
"9/10/2009","Thursday",2868,1881,987,0,0,0,393,1471,189,729,582,2200,2781,55,32
"9/9/2009","Wednesday",2823,1809,1014,0,0,0,371,1425,146,770,517,2195,2712,90,21
"9/8/2009","Tuesday",2864,1858,1006,0,0,0,384,1447,174,762,558,2209,2767,61,36
"9/7/2009","Monday",1860,1388,472,0,0,0,308,1071,99,347,407,1418,1825,24,11
"9/6/2009","Sunday",1299,967,332,0,0,0,224,730,66,265,290,995,1285,1,13
"9/5/2009","Saturday",1585,1040,545,0,0,0,218,816,109,427,327,1243,1570,7,8
"9/4/2009","Friday",2246,1448,798,0,0,0,308,1128,151,574,459,1702,2161,65,20
"9/3/2009","Thursday",2390,1553,837,0,0,0,324,1208,149,621,473,1829,2302,54,34
"9/2/2009","Wednesday",2652,1764,888,0,0,0,364,1378,145,656,509,2034,2543,78,31
"9/1/2009","Tuesday",2545,1685,860,0,0,0,360,1305,144,649,504,1954,2458,56,31
"8/31/2009","Monday",2499,1593,906,0,0,0,327,1240,169,649,496,1889,2385,76,38
"8/30/2009","Sunday",1475,1113,362,0,0,0,223,881,70,289,293,1170,1463,2,10
"8/29/2009","Saturday",1482,1014,468,0,0,0,232,769,94,365,326,1134,1460,5,17
"8/28/2009","Friday",1894,1144,750,0,0,0,243,886,132,542,375,1428,1803,71,20
"8/27/2009","Thursday",1987,1274,713,0,0,0,281,968,129,506,410,1474,1884,64,39
"8/26/2009","Wednesday",2134,1381,753,0,0,0,292,1056,132,529,424,1585,2009,82,43
"8/25/2009","Tuesday",2065,1346,719,0,0,0,278,1043,121,502,399,1545,1944,85,36
"8/24/2009","Monday",2092,1357,735,0,0,0,279,1053,114,560,393,1613,2006,42,44
"8/23/2009","Sunday",1291,988,303,0,0,0,219,761,54,249,273,1010,1283,0,8
"8/22/2009","Saturday",1382,924,458,0,0,0,202,713,92,360,294,1073,1367,4,11
"8/21/2009","Friday",1890,1225,665,0,0,0,262,944,125,487,387,1431,1818,44,28
"8/20/2009","Thursday",2087,1313,774,0,0,0,275,1013,128,582,403,1595,1997,46,44
"8/19/2009","Wednesday",2043,1338,705,0,0,0,263,1044,122,508,385,1552,1937,57,49
"8/18/2009","Tuesday",2169,1427,742,0,0,0,309,1075,115,527,424,1602,2026,73,70
"8/17/2009","Monday",2252,1502,750,0,0,0,335,1107,113,536,448,1643,2091,69,92
"8/16/2009","Sunday",1323,1003,320,0,0,0,220,770,73,242,293,1012,1305,2,16
"8/15/2009","Saturday",1400,939,461,0,0,0,200,730,82,376,282,1106,1388,2,10
"8/14/2009","Friday",1874,1171,703,0,0,0,275,875,117,520,392,1395,1787,50,37
"8/13/2009","Thursday",2022,1305,717,0,0,0,290,963,136,536,426,1499,1925,32,65
"8/12/2009","Wednesday",2158,1420,738,0,0,0,328,1046,129,532,457,1578,2035,46,77
"8/11/2009","Tuesday",2263,1475,788,0,0,0,307,1127,149,547,456,1674,2130,65,68
"8/10/2009","Monday",2364,1550,814,0,0,0,313,1177,143,578,456,1755,2211,43,110
"8/9/2009","Sunday",1317,989,328,0,0,0,212,761,68,259,280,1020,1300,0,17
"8/8/2009","Saturday",1424,977,447,0,0,0,247,716,91,348,338,1064,1402,7,15
"8/7/2009","Friday",1926,1204,722,0,0,0,259,911,144,500,403,1411,1814,57,55
"8/6/2009","Thursday",2097,1352,745,0,0,0,313,994,152,527,465,1521,1986,34,77
"8/5/2009","Wednesday",2290,1510,780,0,0,0,332,1126,122,550,454,1676,2130,58,102
"8/4/2009","Tuesday",2238,1535,703,0,0,0,307,1164,126,512,433,1676,2109,22,107
"8/3/2009","Monday",2483,1598,885,0,0,0,349,1169,157,600,506,1769,2275,55,153
"8/2/2009","Sunday",1340,974,366,0,0,0,213,747,81,283,294,1030,1324,0,16
"8/1/2009","Saturday",1351,888,463,0,0,0,201,660,100,361,301,1021,1322,0,29
"7/31/2009","Friday",1893,1198,695,0,0,0,274,883,140,491,414,1374,1788,20,85
"7/30/2009","Thursday",1958,1249,709,0,0,0,277,908,132,508,409,1416,1825,28,105
"7/29/2009","Wednesday",1991,1362,629,0,0,0,315,972,100,466,415,1438,1853,14,124
"7/28/2009","Tuesday",2060,1356,704,0,0,0,299,987,111,499,410,1486,1896,32,132
"7/27/2009","Monday",2147,1440,707,0,0,0,298,1066,97,487,395,1553,1948,41,158
"7/26/2009","Sunday",1258,958,300,0,0,0,231,700,64,235,295,935,1230,0,28
"7/25/2009","Saturday",1260,839,421,0,0,0,209,612,82,325,291,937,1228,9,23
"7/24/2009","Friday",1704,1123,581,0,0,0,258,820,112,424,370,1244,1614,12,78
"7/23/2009","Thursday",1842,1190,652,0,0,0,233,901,106,465,339,1366,1705,26,111
"7/22/2009","Wednesday",2011,1299,712,0,0,0,299,940,121,503,420,1443,1863,25,123
"7/21/2009","Tuesday",2112,1395,717,0,0,0,298,1015,132,502,430,1517,1947,21,144
"7/20/2009","Monday",2248,1497,751,0,0,0,288,1112,136,516,424,1628,2052,31,165
"7/19/2009","Sunday",1181,891,290,0,0,0,221,650,48,239,269,889,1158,0,23
"7/18/2009","Saturday",1227,854,373,0,0,0,216,620,72,297,288,917,1205,2,20
"7/17/2009","Friday",1835,1170,665,0,0,0,240,880,111,500,351,1380,1731,13,91
"7/16/2009","Thursday",2079,1368,711,0,0,0,300,1019,114,513,414,1532,1946,10,123
"7/15/2009","Wednesday",2210,1465,745,0,0,0,309,1088,145,529,454,1617,2071,22,117
"7/14/2009","Tuesday",2401,1604,797,0,0,0,341,1189,146,541,487,1730,2217,11,173
"7/13/2009","Monday",2375,1582,793,0,0,0,336,1153,137,534,473,1687,2160,27,188
"7/12/2009","Sunday",1324,976,348,0,0,0,239,720,78,264,317,984,1301,2,21
"7/11/2009","Saturday",1339,927,412,0,0,0,222,692,89,318,311,1010,1321,0,18
"7/10/2009","Friday",1840,1168,672,0,0,0,293,834,126,493,419,1327,1746,13,81
"7/9/2009","Thursday",2168,1418,750,0,0,0,299,1047,145,528,444,1575,2019,14,135
"7/8/2009","Wednesday",2261,1519,742,0,0,0,321,1120,112,541,433,1661,2094,15,152
"7/7/2009","Tuesday",2173,1454,719,0,0,0,331,1039,110,528,441,1567,2008,23,142
"7/6/2009","Monday",2475,1618,857,0,0,0,349,1192,123,637,472,1829,2301,19,155
"7/5/2009","Sunday",1178,871,307,0,0,0,180,668,70,224,250,892,1142,0,36
"7/4/2009","Saturday",736,537,199,0,0,0,148,381,38,159,186,540,726,0,10
"7/3/2009","Friday",1256,823,433,0,0,0,187,623,73,332,260,955,1215,7,34
"7/2/2009","Thursday",1672,1117,555,0,0,0,238,830,113,387,351,1217,1568,14,90
"7/1/2009","Wednesday",2009,1361,648,0,0,0,291,1006,108,460,399,1466,1865,24,120
"6/30/2009","Tuesday",2136,1507,629,0,0,0,360,1051,137,415,497,1466,1963,22,151
"6/29/2009","Monday",1863,1207,656,0,0,0,217,902,105,446,322,1348,1670,8,185
"6/28/2009","Sunday",1004,758,246,0,0,0,157,573,52,187,209,760,968,0,36
"6/27/2009","Saturday",983,660,323,0,0,0,147,504,64,250,211,754,965,0,18
"6/26/2009","Friday",1406,874,532,0,0,0,208,619,97,383,305,1002,1307,8,91
"6/25/2009","Thursday",1571,1006,565,0,0,0,208,720,105,399,313,1119,1432,11,128
"6/24/2009","Wednesday",1619,1014,605,0,0,0,205,726,113,405,318,1131,1449,6,164
"6/23/2009","Tuesday",1828,1143,685,0,0,0,230,809,118,470,348,1279,1628,13,187
"6/22/2009","Monday",1944,1284,660,0,0,0,260,923,107,438,367,1361,1728,26,190
"6/21/2009","Sunday",896,669,227,0,0,0,144,504,40,181,184,685,869,0,27
"6/20/2009","Saturday",966,631,335,0,0,0,122,487,65,266,187,753,940,2,24
"6/19/2009","Friday",1532,901,631,0,0,0,204,645,116,437,320,1082,1402,6,124
"6/18/2009","Thursday",1649,1047,602,0,0,0,251,728,90,422,341,1150,1492,19,138
"6/17/2009","Wednesday",1859,1143,716,0,0,0,231,818,95,490,326,1308,1634,37,188
"6/16/2009","Tuesday",1983,1260,723,0,0,0,249,898,133,476,382,1374,1756,14,213
"6/15/2009","Monday",2074,1301,773,0,0,0,262,942,104,543,366,1485,1851,15,208
"6/14/2009","Sunday",1084,792,292,0,0,0,194,570,68,212,262,782,1044,8,32
"6/13/2009","Saturday",1137,741,396,0,0,0,192,525,71,296,263,821,1084,0,53
"6/12/2009","Friday",1534,1051,483,0,0,0,279,700,84,330,363,1030,1393,27,114
"6/11/2009","Thursday",1500,1206,294,0,0,0,280,833,49,187,329,1020,1349,15,136
"6/10/2009","Wednesday",1916,1190,726,0,0,0,215,859,126,472,341,1331,1672,19,225
"6/9/2009","Tuesday",1975,1239,736,0,0,0,237,898,133,492,370,1390,1760,9,206
"6/8/2009","Monday",2127,1374,753,0,0,0,226,988,140,483,366,1471,1837,19,271
"6/7/2009","Sunday",1093,785,308,0,0,0,143,621,63,230,206,851,1057,0,36
"6/6/2009","Saturday",1109,702,407,0,0,0,126,552,76,319,202,871,1073,2,34
"6/5/2009","Friday",1707,1028,679,0,0,0,201,769,113,476,314,1245,1559,28,120
"6/4/2009","Thursday",1947,1211,736,0,0,0,214,898,147,492,361,1390,1751,13,183
"6/3/2009","Wednesday",2292,1479,813,0,0,0,251,1069,107,560,358,1629,1987,39,266
"6/2/2009","Tuesday",2334,1499,835,0,0,0,247,1082,131,591,378,1673,2051,17,266
"6/1/2009","Monday",2378,1496,882,0,0,0,261,1089,156,581,417,1670,2087,18,273
"5/31/2009","Sunday",1257,924,333,0,0,0,167,734,61,259,228,993,1221,0,36
"5/30/2009","Saturday",1176,756,420,0,0,0,151,577,68,340,219,917,1136,0,40
"5/29/2009","Friday",1766,1069,697,0,0,0,185,811,118,469,303,1280,1583,20,163
"5/28/2009","Thursday",2018,1301,717,0,0,0,216,934,128,476,344,1410,1754,15,249
"5/27/2009","Wednesday",2189,1423,766,0,0,0,217,1052,127,527,344,1579,1923,16,250
"5/26/2009","Tuesday",2088,1342,746,0,0,0,210,965,139,494,349,1459,1808,24,256
"5/25/2009","Monday",1147,812,335,0,0,0,146,627,64,246,210,873,1083,0,64
"5/24/2009","Sunday",870,619,251,0,0,0,120,474,43,204,163,678,841,0,29
"5/23/2009","Saturday",1016,662,354,0,0,0,94,549,78,272,172,821,993,0,23
"5/22/2009","Friday",1553,966,587,0,0,0,170,726,85,421,255,1147,1402,9,142
"5/21/2009","Thursday",1904,1193,711,0,0,0,196,887,133,474,329,1361,1690,16,198
"5/20/2009","Wednesday",2128,1353,775,0,0,0,223,995,117,531,340,1526,1866,24,238
"5/19/2009","Tuesday",2150,1380,770,0,0,0,223,1006,137,516,360,1522,1882,7,261
"5/18/2009","Monday",2303,1463,840,0,0,0,234,1121,137,552,371,1673,2044,27,232
"5/17/2009","Sunday",1304,983,321,0,0,0,175,765,69,241,244,1006,1250,0,54
"5/16/2009","Saturday",1302,854,448,0,0,0,188,645,87,354,275,999,1274,0,28
"5/15/2009","Friday",1945,1193,752,0,0,0,182,891,135,532,317,1423,1740,10,195
"5/14/2009","Thursday",2167,1379,788,0,0,0,226,1015,150,523,376,1538,1914,7,246
"5/13/2009","Wednesday",2400,1524,876,0,0,0,229,1131,124,602,353,1733,2086,13,301
"5/12/2009","Tuesday",2397,1509,888,0,0,0,259,1088,139,585,398,1673,2071,12,314
"5/11/2009","Monday",2474,1548,926,0,0,0,248,1144,137,611,385,1755,2140,14,320
"5/10/2009","Sunday",979,764,215,0,0,0,152,596,45,164,197,760,957,0,22
"5/9/2009","Saturday",1159,727,432,0,0,0,136,568,99,323,235,891,1126,0,33
"5/8/2009","Friday",1793,1128,665,0,0,0,202,842,121,470,323,1312,1635,9,149
"5/7/2009","Thursday",2183,1400,783,0,0,0,233,1057,130,569,363,1626,1989,9,185
"5/6/2009","Wednesday",2468,1554,914,0,0,0,263,1123,137,628,400,1751,2151,27,290
"5/5/2009","Tuesday",2328,1508,820,0,0,0,271,1103,142,561,413,1664,2077,16,235
"5/4/2009","Monday",2522,1616,906,0,0,0,298,1203,172,613,470,1816,2286,23,213
"5/3/2009","Sunday",1398,1013,385,0,0,0,201,784,80,298,281,1082,1363,0,35
"5/2/2009","Saturday",1392,877,515,0,0,0,165,687,93,411,258,1098,1356,0,36
"5/1/2009","Friday",2055,1223,832,0,0,0,210,934,141,599,351,1533,1884,14,157
"4/30/2009","Thursday",2003,1257,746,0,0,0,236,924,149,517,385,1441,1826,12,165
"4/29/2009","Wednesday",2107,1336,771,0,0,0,237,985,128,548,365,1533,1898,14,195
"4/28/2009","Tuesday",2210,1395,815,0,0,0,221,1041,131,574,352,1615,1967,21,222
"4/27/2009","Monday",2299,1484,815,0,0,0,244,1125,129,566,373,1691,2064,13,222
"4/26/2009","Sunday",1264,935,329,0,0,0,182,726,68,255,250,981,1231,0,33
"4/25/2009","Saturday",1180,775,405,0,0,0,151,600,86,309,237,909,1146,1,33
"4/24/2009","Friday",1733,1052,681,0,0,0,199,781,118,483,317,1264,1581,16,136
"4/23/2009","Thursday",2002,1302,700,0,0,0,243,935,122,488,365,1423,1788,18,196
"4/22/2009","Wednesday",2255,1383,872,0,0,0,227,1055,152,595,379,1650,2029,27,199
"4/21/2009","Tuesday",2255,1418,837,0,0,0,251,1063,132,583,383,1646,2029,22,204
"4/20/2009","Monday",2527,1600,927,0,0,0,249,1260,151,653,400,1913,2313,25,189
"4/19/2009","Sunday",1411,1036,375,0,0,0,186,827,73,298,259,1125,1384,0,27
"4/18/2009","Saturday",1323,838,485,0,0,0,174,653,91,383,265,1036,1301,1,21
"4/17/2009","Friday",1969,1169,800,0,0,0,209,912,138,582,347,1494,1841,18,110
"4/16/2009","Thursday",2281,1268,1013,0,0,0,213,996,180,727,393,1723,2116,15,150
"4/15/2009","Wednesday",2471,1618,853,0,0,0,274,1241,148,605,422,1846,2268,29,174
"4/14/2009","Tuesday",2690,1768,922,0,0,0,315,1335,171,670,486,2005,2491,17,182
"4/13/2009","Monday",2574,1647,927,0,0,0,284,1291,164,660,448,1951,2399,17,158
"4/12/2009","Sunday",777,615,162,0,0,0,122,481,40,121,162,602,764,0,13
"4/11/2009","Saturday",1072,697,375,0,0,0,129,558,71,301,200,859,1059,0,13
"4/10/2009","Friday",1683,1026,657,0,0,0,205,787,115,510,320,1297,1617,5,61
"4/9/2009","Thursday",1879,1183,696,0,0,0,200,925,130,501,330,1426,1756,13,110
"4/8/2009","Wednesday",2249,1410,839,0,0,0,265,1065,148,613,413,1678,2091,14,144
"4/7/2009","Tuesday",2431,1582,849,0,0,0,256,1236,144,626,400,1862,2262,13,156
"4/6/2009","Monday",2570,1658,912,0,0,0,278,1291,156,666,434,1957,2391,19,160
"4/5/2009","Sunday",1480,1045,435,0,0,0,193,826,85,342,278,1168,1446,0,34
"4/4/2009","Saturday",1621,1014,607,0,0,0,221,776,122,479,343,1255,1598,1,22
"4/3/2009","Friday",2135,1295,840,0,0,0,224,1024,151,618,375,1642,2017,19,99
"4/2/2009","Thursday",2353,1417,936,0,0,0,262,1098,149,720,411,1818,2229,19,105
"4/1/2009","Wednesday",2521,1559,962,0,0,0,297,1173,197,675,494,1848,2342,27,152
"3/31/2009","Tuesday",2708,1684,1024,0,0,0,282,1284,184,726,466,2010,2477,32,199
"3/30/2009","Monday",2516,1552,964,0,0,0,277,1197,174,703,451,1900,2351,21,144
"3/29/2009","Sunday",1518,1075,443,0,0,0,183,870,88,349,271,1219,1490,0,28
"3/28/2009","Saturday",1541,944,597,0,0,0,182,747,134,457,316,1204,1520,0,21
"3/27/2009","Friday",2057,1249,808,0,0,0,224,952,143,614,367,1566,1933,19,105
"3/26/2009","Thursday",2228,1351,877,0,0,0,257,1024,143,660,400,1684,2084,28,116
"3/25/2009","Wednesday",2431,1480,951,0,0,0,280,1126,189,666,469,1792,2261,30,140
"3/24/2009","Tuesday",2583,1635,948,0,0,0,312,1261,195,666,507,1927,2434,32,117
"3/23/2009","Monday",2706,1725,981,0,0,0,319,1343,194,712,513,2055,2568,27,111
"3/22/2009","Sunday",1608,1147,461,0,0,0,231,904,110,346,341,1250,1591,0,17
"3/21/2009","Saturday",1631,992,639,0,0,0,187,794,114,518,301,1312,1613,0,18
"3/20/2009","Friday",2276,1338,938,0,0,0,253,1046,158,734,411,1780,2191,21,64
"3/19/2009","Thursday",2467,1522,945,0,0,0,276,1186,167,727,443,1913,2356,22,89
"3/18/2009","Wednesday",2562,1559,1003,0,0,0,311,1187,164,772,475,1959,2434,21,107
"3/17/2009","Tuesday",2703,1688,1015,0,0,0,303,1329,178,775,481,2104,2585,22,96
"3/16/2009","Monday",3004,1883,1121,0,0,0,360,1458,201,837,561,2295,2856,16,132
"3/15/2009","Sunday",1980,1395,585,0,0,0,253,1125,116,466,369,1591,1960,0,20
"3/14/2009","Saturday",2105,1333,772,0,0,0,261,1049,154,614,415,1663,2078,1,26
"3/13/2009","Friday",2724,1615,1109,0,0,0,281,1280,219,842,500,2122,2622,14,88
"3/12/2009","Thursday",2864,1803,1061,0,0,0,343,1404,188,816,531,2220,2751,21,92
"3/11/2009","Wednesday",3125,1872,1253,0,0,0,327,1493,231,942,558,2435,2993,30,102
"3/10/2009","Tuesday",3243,1977,1266,0,0,0,366,1538,226,965,592,2503,3095,34,114
"3/9/2009","Monday",3414,2048,1366,0,0,0,360,1630,267,1016,627,2646,3273,36,105
"3/8/2009","Sunday",2067,1443,624,0,0,0,258,1167,114,507,372,1674,2046,2,19
"3/7/2009","Saturday",2061,1305,756,0,0,0,250,1038,154,597,404,1635,2039,1,21
"3/6/2009","Friday",2885,1678,1207,0,0,0,326,1294,200,948,526,2242,2768,23,94
"3/5/2009","Thursday",3348,1987,1361,0,0,0,360,1576,254,1033,614,2609,3223,34,91
"3/4/2009","Wednesday",3613,2229,1384,0,0,0,398,1754,255,1050,653,2804,3457,35,121
"3/3/2009","Tuesday",3652,2203,1449,0,0,0,415,1727,303,1056,718,2783,3501,45,106
"3/2/2009","Monday",3670,2268,1402,0,0,0,423,1796,252,1086,675,2882,3557,25,88
"3/1/2009","Sunday",2424,1669,755,0,0,0,354,1284,144,603,498,1887,2385,1,38
"2/28/2009","Saturday",2307,1444,863,0,0,0,292,1128,196,658,488,1786,2274,2,31
"2/27/2009","Friday",2756,1597,1159,0,0,0,313,1241,229,892,542,2133,2675,23,58
"2/26/2009","Thursday",3042,1829,1213,0,0,0,343,1445,258,904,601,2349,2950,19,73
"2/25/2009","Wednesday",3132,1901,1231,0,0,0,338,1507,251,927,589,2434,3023,28,81
"2/24/2009","Tuesday",3177,1882,1295,0,0,0,346,1490,268,967,614,2457,3071,30,76
"2/23/2009","Monday",3454,2072,1382,0,0,0,390,1621,259,1057,649,2678,3327,22,105
"2/22/2009","Sunday",2142,1484,658,0,0,0,291,1178,143,510,434,1688,2122,2,18
"2/21/2009","Saturday",2276,1419,857,0,0,0,302,1097,175,677,477,1774,2251,0,25
"2/20/2009","Friday",2806,1645,1161,0,0,0,299,1308,223,885,522,2193,2715,22,69
"2/19/2009","Thursday",3150,1884,1266,0,0,0,348,1494,229,979,577,2473,3050,25,75
"2/18/2009","Wednesday",3208,1939,1269,0,0,0,372,1524,247,969,619,2493,3112,28,68
"2/17/2009","Tuesday",3359,2037,1322,0,0,0,368,1610,246,1016,614,2626,3240,30,89
"2/16/2009","Monday",3173,1987,1186,0,0,0,368,1587,226,924,594,2511,3105,17,51
"2/15/2009","Sunday",1984,1330,654,0,0,0,289,1021,121,532,410,1553,1963,0,21
"2/14/2009","Saturday",1965,1183,782,0,0,0,223,948,131,642,354,1590,1944,4,17
"2/13/2009","Friday",2637,1507,1130,0,0,0,308,1177,232,857,540,2034,2574,16,47
"2/12/2009","Thursday",2949,1710,1239,0,0,0,322,1347,262,924,584,2271,2855,28,66
"2/11/2009","Wednesday",3161,1842,1319,0,0,0,357,1443,243,1004,600,2447,3047,37,77
"2/10/2009","Tuesday",3469,2006,1463,0,0,0,383,1573,277,1107,660,2680,3340,35,94
"2/9/2009","Monday",3691,2217,1474,0,0,0,417,1741,274,1117,691,2858,3549,31,111
"2/8/2009","Sunday",2387,1635,752,0,0,0,344,1264,141,609,485,1873,2358,0,29
"2/7/2009","Saturday",2423,1457,966,0,0,0,303,1137,202,757,505,1894,2399,6,18
"2/6/2009","Friday",3245,1867,1378,0,0,0,402,1432,287,1042,689,2474,3163,26,56
"2/5/2009","Thursday",3423,1956,1467,0,0,0,375,1535,305,1085,680,2620,3300,50,73
"2/4/2009","Wednesday",3564,2077,1487,0,0,0,401,1616,300,1130,701,2746,3447,39,78
"2/3/2009","Tuesday",3803,2328,1475,0,0,0,423,1843,300,1109,723,2952,3675,38,90
"2/2/2009","Monday",3791,2236,1555,0,0,0,445,1754,327,1157,772,2911,3683,34,74
"2/1/2009","Sunday",2104,1422,682,0,0,0,310,1100,145,536,455,1636,2091,0,13
"1/31/2009","Saturday",2232,1343,889,0,0,0,255,1070,185,697,440,1767,2207,5,20
"1/30/2009","Friday",2883,1641,1242,0,0,0,326,1295,247,941,573,2236,2809,33,41
"1/29/2009","Thursday",2974,1718,1256,0,0,0,348,1302,248,956,596,2258,2854,31,89
"1/28/2009","Wednesday",2866,1875,991,0,0,0,349,1488,204,750,553,2238,2791,21,54
"1/27/2009","Tuesday",2986,1937,1049,0,0,0,392,1495,203,799,595,2294,2889,31,66
"1/26/2009","Monday",3364,1975,1389,0,0,0,365,1570,269,1053,634,2623,3257,40,67
"1/25/2009","Sunday",2274,1563,711,0,0,0,311,1221,162,548,473,1769,2242,0,32
"1/24/2009","Saturday",2282,1421,861,0,0,0,283,1116,162,695,445,1811,2256,0,26
"1/23/2009","Friday",2978,1656,1322,0,0,0,302,1326,238,1019,540,2345,2885,47,46
"1/22/2009","Thursday",3178,1891,1287,0,0,0,349,1496,236,989,585,2485,3070,39,69
"1/21/2009","Wednesday",3231,1903,1328,0,0,0,359,1509,260,992,619,2501,3120,48,63
"1/20/2009","Tuesday",2959,1810,1149,0,0,0,347,1414,218,888,565,2302,2867,28,64
"1/19/2009","Monday",3165,1945,1220,0,0,0,364,1547,224,953,588,2500,3088,34,43
"1/18/2009","Sunday",2143,1465,678,0,0,0,303,1139,112,558,415,1697,2112,2,29
"1/17/2009","Saturday",2272,1409,863,0,0,0,280,1114,169,690,449,1804,2253,3,16
"1/16/2009","Friday",3054,1827,1227,0,0,0,322,1466,213,947,535,2413,2948,46,60
"1/15/2009","Thursday",3373,2032,1341,0,0,0,384,1597,259,1017,643,2614,3257,44,72
"1/14/2009","Wednesday",3666,2203,1463,0,0,0,421,1741,281,1105,702,2846,3548,47,71
"1/13/2009","Tuesday",3725,2257,1468,0,0,0,409,1792,291,1106,700,2898,3598,43,84
"1/12/2009","Monday",4049,2483,1566,0,0,0,461,1973,279,1205,740,3178,3918,47,84
"1/11/2009","Sunday",2629,1804,825,0,0,0,338,1440,169,649,507,2089,2596,3,30
"1/10/2009","Saturday",2889,1841,1048,0,0,0,352,1471,174,870,526,2341,2867,2,20
"1/9/2009","Friday",3515,2159,1356,0,0,0,379,1751,248,1065,627,2816,3443,23,49
"1/8/2009","Thursday",4025,2524,1501,0,0,0,439,2047,288,1141,727,3188,3915,44,66
"1/7/2009","Wednesday",4189,2577,1612,0,0,0,463,2058,262,1279,725,3337,4063,41,85
"1/6/2009","Tuesday",4256,2669,1587,0,0,0,508,2120,274,1240,782,3360,4142,50,64
"1/5/2009","Monday",4668,2985,1683,0,0,0,542,2394,280,1324,822,3718,4540,50,78
"1/4/2009","Sunday",3015,2186,829,0,0,0,399,1766,176,651,575,2417,2992,0,23
"1/3/2009","Saturday",3032,1976,1056,0,0,0,368,1582,199,852,567,2434,3001,3,28
"1/2/2009","Friday",3674,2241,1433,0,0,0,392,1827,274,1138,666,2965,3631,15,28
"1/1/2009","Thursday",1912,1367,545,0,0,0,279,1075,116,427,395,1502,1897,2,13
"12/31/2008","Wednesday",2046,1364,682,0,0,0,243,1100,113,526,356,1626,1994,15,37
"12/30/2008","Tuesday",2575,1633,942,0,0,0,309,1293,180,740,489,2033,2523,5,47
"12/29/2008","Monday",2721,1641,1080,0,0,0,293,1305,190,853,483,2158,2641,9,71
"12/28/2008","Sunday",1495,1028,467,0,0,0,199,810,88,377,287,1187,1474,0,21
"12/27/2008","Saturday",1515,872,643,0,0,0,174,686,105,536,279,1222,1501,0,14
"12/26/2008","Friday",1852,1049,803,0,0,0,168,866,163,637,331,1503,1834,0,18
"12/25/2008","Thursday",337,337,0,0,0,0,58,269,0,0,58,269,327,0,10
"12/24/2008","Wednesday",665,397,268,0,0,0,64,323,58,207,122,530,652,1,12
"12/23/2008","Tuesday",1021,588,433,0,0,0,109,464,80,339,189,803,992,2,27
"12/22/2008","Monday",1353,796,557,0,0,0,149,611,96,442,245,1053,1298,5,50
"12/21/2008","Sunday",874,591,283,0,0,0,118,460,44,233,162,693,855,0,19
"12/20/2008","Saturday",902,493,409,0,0,0,96,395,84,320,180,715,895,0,7
"12/19/2008","Friday",1329,757,572,0,0,0,147,585,97,446,244,1031,1275,11,43
"12/18/2008","Thursday",1613,893,720,0,0,0,162,709,152,531,314,1240,1554,14,45
"12/17/2008","Wednesday",1729,1077,652,0,0,0,180,860,103,499,283,1359,1646,17,66
"12/16/2008","Tuesday",1708,999,709,0,0,0,188,767,137,507,325,1274,1613,21,74
"12/15/2008","Monday",2028,1229,799,0,0,0,191,982,150,595,341,1577,1918,20,90
"12/14/2008","Sunday",1166,758,408,0,0,0,143,598,82,322,225,920,1145,0,21
"12/13/2008","Saturday",1177,667,510,0,0,0,105,547,98,407,203,954,1157,0,20
"12/12/2008","Friday",1680,982,698,0,0,0,164,782,115,557,279,1339,1618,8,54
"12/11/2008","Thursday",1905,1077,828,0,0,0,196,840,155,625,351,1465,1816,25,64
"12/10/2008","Wednesday",2073,1157,916,0,0,0,190,912,159,697,349,1609,1959,16,98
"12/9/2008","Tuesday",2095,1143,952,0,0,0,177,911,172,714,349,1625,1974,22,99
"12/8/2008","Monday",2548,1499,1049,0,0,0,270,1165,195,808,465,1973,2438,18,92
"12/7/2008","Sunday",1541,1036,505,0,0,0,177,839,91,407,268,1246,1514,0,27
"12/6/2008","Saturday",1466,861,605,0,0,0,148,696,112,487,260,1183,1443,1,22
"12/5/2008","Friday",2109,1193,916,0,0,0,206,946,147,730,353,1676,2029,11,69
"12/4/2008","Thursday",2467,1456,1011,0,0,0,254,1148,167,777,421,1925,2346,29,92
"12/3/2008","Wednesday",2877,1677,1200,0,0,0,302,1320,181,951,483,2271,2754,19,104
"12/2/2008","Tuesday",2943,1706,1237,0,0,0,285,1353,202,972,487,2325,2812,18,113
"12/1/2008","Monday",3018,1839,1179,0,0,0,296,1483,176,947,472,2430,2902,13,103
"11/30/2008","Sunday",1858,1250,608,0,0,0,222,1005,108,496,330,1501,1831,0,27
"11/29/2008","Saturday",1648,978,670,0,0,0,192,774,103,560,295,1334,1629,0,19
"11/28/2008","Friday",1746,912,834,0,0,0,168,727,129,702,297,1429,1726,1,19
"11/27/2008","Thursday",431,431,0,0,0,0,91,333,0,0,91,333,424,0,7
"11/26/2008","Wednesday",1572,964,608,0,0,0,170,764,94,489,264,1253,1517,8,47
"11/25/2008","Tuesday",2029,1179,850,0,0,0,195,952,133,673,328,1625,1953,15,61
"11/24/2008","Monday",2427,1426,1001,0,0,0,232,1142,151,792,383,1934,2317,19,91
"11/23/2008","Sunday",1503,1034,469,0,0,0,169,840,91,373,260,1213,1473,0,30
"11/22/2008","Saturday",1550,950,600,0,0,0,166,764,94,498,260,1262,1522,0,28
"11/21/2008","Friday",2117,1226,891,0,0,0,213,971,131,719,344,1690,2034,16,67
"11/20/2008","Thursday",2403,1358,1045,0,0,0,228,1074,183,809,411,1883,2294,16,93
"11/19/2008","Wednesday",2536,1516,1020,0,0,0,246,1206,173,792,419,1998,2417,15,104
"11/18/2008","Tuesday",2680,1598,1082,0,0,0,274,1261,153,862,427,2123,2550,27,103
"11/17/2008","Monday",3021,1789,1232,0,0,0,298,1413,188,968,486,2381,2867,22,132
"11/16/2008","Sunday",1890,1290,600,0,0,0,197,1061,93,498,290,1559,1849,2,39
"11/15/2008","Saturday",1984,1255,729,0,0,0,220,998,126,593,346,1591,1937,2,45
"11/14/2008","Friday",2620,1564,1056,0,0,0,285,1239,187,808,472,2047,2519,26,75
"11/13/2008","Thursday",2715,1589,1126,0,0,0,265,1259,181,882,446,2141,2587,18,110
"11/12/2008","Wednesday",2766,1669,1097,0,0,0,289,1328,179,854,468,2182,2650,30,86
"11/11/2008","Tuesday",2906,1696,1210,0,0,0,285,1358,208,950,493,2308,2801,26,79
"11/10/2008","Monday",3211,1874,1337,0,0,0,326,1464,178,1062,504,2526,3030,32,149
"11/9/2008","Sunday",1999,1353,646,0,0,0,220,1095,125,511,345,1606,1951,0,48
"11/8/2008","Saturday",2055,1308,747,0,0,0,233,1032,140,595,373,1627,2000,0,55
"11/7/2008","Friday",2608,1575,1033,0,0,0,295,1227,163,826,458,2053,2511,23,74
"11/6/2008","Thursday",3009,1778,1231,0,0,0,322,1396,193,974,515,2370,2885,25,99
"11/5/2008","Wednesday",3044,1826,1218,0,0,0,308,1446,198,953,506,2399,2905,20,119
"11/4/2008","Tuesday",2866,1748,1118,0,0,0,308,1383,200,854,508,2237,2745,34,87
"11/3/2008","Monday",3085,1852,1233,0,0,0,336,1432,196,966,532,2398,2930,25,130
"11/2/2008","Sunday",2043,1420,623,0,0,0,284,1116,98,520,382,1636,2018,1,24
"11/1/2008","Saturday",1858,1170,688,0,0,0,226,908,109,568,335,1476,1811,0,47
"10/31/2008","Friday",1453,846,607,0,0,0,141,678,83,492,224,1170,1394,10,49
"10/30/2008","Thursday",2017,1234,783,0,0,0,227,952,150,593,377,1545,1922,23,72
"10/29/2008","Wednesday",2213,1306,907,0,0,0,211,1035,156,690,367,1725,2092,33,88
"10/28/2008","Tuesday",2378,1437,941,0,0,0,236,1142,150,732,386,1874,2260,25,93
"10/27/2008","Monday",2636,1548,1088,0,0,0,263,1209,195,836,458,2045,2503,21,112
"10/26/2008","Sunday",1494,1003,491,0,0,0,178,809,79,405,257,1214,1471,1,22
"10/25/2008","Saturday",1579,976,603,0,0,0,207,748,96,502,303,1250,1553,1,25
"10/24/2008","Friday",2074,1210,864,0,0,0,214,965,160,633,374,1598,1972,52,50
"10/23/2008","Thursday",2233,1333,900,0,0,0,242,1040,159,686,401,1726,2128,25,80
"10/22/2008","Wednesday",2485,1462,1023,0,0,0,277,1130,158,802,435,1932,2367,37,81
"10/21/2008","Tuesday",2599,1557,1042,0,0,0,320,1179,198,792,518,1971,2489,22,88
"10/20/2008","Monday",2877,1744,1133,0,0,0,302,1394,175,876,477,2270,2747,45,85
"10/19/2008","Sunday",1679,1148,531,0,0,0,240,889,97,429,337,1318,1655,1,23
"10/18/2008","Saturday",1642,1005,637,0,0,0,213,769,104,527,317,1296,1613,2,27
"10/17/2008","Friday",2239,1324,915,0,0,0,250,1048,156,709,406,1757,2163,32,44
"10/16/2008","Thursday",2474,1422,1052,0,0,0,254,1139,197,800,451,1939,2390,32,52
"10/15/2008","Wednesday",2764,1627,1137,0,0,0,304,1284,175,886,479,2170,2649,46,69
"10/14/2008","Tuesday",2656,1633,1023,0,0,0,294,1292,156,797,450,2089,2539,46,71
"10/13/2008","Monday",2854,1750,1104,0,0,0,350,1361,185,865,535,2226,2761,33,60
"10/12/2008","Sunday",1636,1122,514,0,0,0,241,870,91,416,332,1286,1618,3,15
"10/11/2008","Saturday",1714,1027,687,0,0,0,212,804,119,564,331,1368,1699,1,14
"10/10/2008","Friday",2309,1380,929,0,0,0,287,1050,145,746,432,1796,2228,23,58
"10/9/2008","Thursday",2592,1517,1075,0,0,0,289,1191,199,835,488,2026,2514,26,52
"10/8/2008","Wednesday",2816,1695,1121,0,0,0,324,1318,198,861,522,2179,2701,44,71
"10/7/2008","Tuesday",3159,1913,1246,0,0,0,368,1498,215,962,583,2460,3043,53,63
"10/6/2008","Monday",3151,1922,1229,0,0,0,369,1504,209,962,578,2466,3044,37,70
"10/5/2008","Sunday",1954,1320,634,0,0,0,254,1048,136,491,390,1539,1929,4,21
"10/4/2008","Saturday",1893,1187,706,0,0,0,260,913,124,576,384,1489,1873,4,16
"10/3/2008","Friday",2497,1396,1101,0,0,0,271,1103,173,860,444,1963,2407,51,39
"10/2/2008","Thursday",2836,1688,1148,0,0,0,327,1330,214,874,541,2204,2745,41,50
"10/1/2008","Wednesday",2790,1637,1153,0,0,0,321,1292,195,908,516,2200,2716,28,46
"9/30/2008","Tuesday",2771,1671,1100,0,0,0,335,1311,197,820,532,2131,2663,57,51
"9/29/2008","Monday",2830,1759,1071,0,0,0,352,1362,176,815,528,2177,2705,48,77
"9/28/2008","Sunday",1670,1153,517,0,0,0,223,917,100,416,323,1333,1656,0,14
"9/27/2008","Saturday",1708,1082,626,0,0,0,264,809,124,495,388,1304,1692,5,11
"9/26/2008","Friday",2093,1258,835,0,0,0,252,983,133,664,385,1647,2032,33,28
"9/25/2008","Thursday",2416,1440,976,0,0,0,288,1127,193,733,481,1860,2341,35,40
"9/24/2008","Wednesday",2502,1491,1011,0,0,0,315,1146,200,764,515,1910,2425,31,46
"9/23/2008","Tuesday",2751,1579,1172,0,0,0,319,1228,201,876,520,2104,2624,79,48
"9/22/2008","Monday",3047,1809,1238,0,0,0,371,1403,204,941,575,2344,2919,65,63
"9/21/2008","Sunday",1747,1251,496,0,0,0,263,975,90,405,353,1380,1733,0,14
"9/20/2008","Saturday",1803,1141,662,0,0,0,249,880,118,543,367,1423,1790,0,13
"9/19/2008","Friday",2310,1363,947,0,0,0,292,1058,178,714,470,1772,2242,43,25
"9/18/2008","Thursday",2624,1558,1066,0,0,0,340,1188,179,775,519,1963,2482,95,47
"9/17/2008","Wednesday",2687,1626,1061,0,0,0,316,1280,178,838,494,2118,2612,29,46
"9/16/2008","Tuesday",2777,1636,1141,0,0,0,343,1265,188,861,531,2126,2657,71,49
"9/15/2008","Monday",2857,1729,1128,0,0,0,367,1343,229,833,596,2176,2772,45,40
"9/14/2008","Sunday",1808,1283,525,0,0,0,264,1008,96,429,360,1437,1797,0,11
"9/13/2008","Saturday",1935,1209,726,0,0,0,291,906,126,595,417,1501,1918,1,16
"9/12/2008","Friday",2414,1458,956,0,0,0,281,1160,172,713,453,1873,2326,54,34
"9/11/2008","Thursday",2730,1650,1080,0,0,0,340,1286,190,814,530,2100,2631,64,35
"9/10/2008","Wednesday",2887,1765,1122,0,0,0,392,1348,219,825,611,2173,2784,66,37
"9/9/2008","Tuesday",2971,1794,1177,0,0,0,350,1421,225,872,575,2293,2868,68,35
"9/8/2008","Monday",3176,1916,1260,0,0,0,402,1490,245,920,647,2410,3057,76,43
"9/7/2008","Sunday",2050,1458,592,0,0,0,324,1120,120,466,444,1586,2030,3,17
"9/6/2008","Saturday",2080,1350,730,0,0,0,296,1042,136,590,432,1632,2064,4,12
"9/5/2008","Friday",2706,1649,1057,0,0,0,375,1265,184,761,559,2026,2605,80,21
"9/4/2008","Thursday",2797,1744,1053,0,0,0,405,1316,190,774,595,2090,2685,75,37
"9/3/2008","Wednesday",2774,1698,1076,0,0,0,355,1320,196,827,551,2147,2699,43,32
"9/2/2008","Tuesday",2665,1651,1014,0,0,0,386,1249,198,762,584,2011,2595,40,30
"9/1/2008","Monday",1597,1122,475,0,0,0,228,885,98,360,326,1245,1571,17,9
"8/31/2008","Sunday",1152,784,368,0,0,0,167,609,57,309,224,918,1142,0,10
"8/30/2008","Saturday",1438,864,574,0,0,0,204,649,107,461,311,1110,1421,5,12
"8/29/2008","Friday",1874,1137,737,0,0,0,244,880,139,568,383,1448,1831,21,22
"8/28/2008","Thursday",2017,1206,811,0,0,0,265,928,167,591,432,1519,1952,39,26
"8/27/2008","Wednesday",2149,1261,888,0,0,0,255,979,162,651,417,1630,2057,47,45
"8/26/2008","Tuesday",2202,1305,897,0,0,0,276,1009,173,634,449,1643,2092,73,37
"8/25/2008","Monday",2357,1461,896,0,0,0,313,1127,173,658,486,1785,2271,40,46
"8/24/2008","Sunday",1328,941,387,0,0,0,230,700,58,315,288,1015,1303,10,15
"8/23/2008","Saturday",1402,898,504,0,0,0,184,708,97,402,281,1110,1391,5,6
"8/22/2008","Friday",1830,1127,703,0,0,0,247,860,150,530,397,1390,1787,18,25
"8/21/2008","Thursday",2053,1233,820,0,0,0,246,966,159,586,405,1552,1957,51,45
"8/20/2008","Wednesday",2182,1341,841,0,0,0,285,1027,169,597,454,1624,2078,52,52
"8/19/2008","Tuesday",2181,1292,889,0,0,0,272,979,160,660,432,1639,2071,45,65
"8/18/2008","Monday",2314,1397,917,0,0,0,298,1059,169,664,467,1723,2190,41,83
"8/17/2008","Sunday",1336,932,404,0,0,0,203,711,84,318,287,1029,1316,0,20
"8/16/2008","Saturday",1352,842,510,0,0,0,195,635,88,413,283,1048,1331,5,16
"8/15/2008","Friday",1939,1118,821,0,0,0,213,889,141,620,354,1509,1863,32,44
"8/14/2008","Thursday",2061,1246,815,0,0,0,254,958,164,586,418,1544,1962,40,59
"8/13/2008","Wednesday",2241,1326,915,0,0,0,296,976,185,653,481,1629,2110,44,87
"8/12/2008","Tuesday",2270,1381,889,0,0,0,304,1025,168,624,472,1649,2121,45,104
"8/11/2008","Monday",2457,1479,978,0,0,0,326,1081,191,686,517,1767,2284,49,124
"8/10/2008","Sunday",1440,992,448,0,0,0,178,784,94,348,272,1132,1404,3,33
"8/9/2008","Saturday",1397,861,536,0,0,0,213,637,101,430,314,1067,1381,2,14
"8/8/2008","Friday",1926,1183,743,0,0,0,268,882,135,558,403,1440,1843,24,59
"8/7/2008","Thursday",2250,1379,871,0,0,0,301,1021,172,621,473,1642,2115,37,98
"8/6/2008","Wednesday",2472,1503,969,0,0,0,321,1099,198,661,519,1760,2279,40,153
"8/5/2008","Tuesday",2703,1680,1023,0,0,0,354,1188,205,712,559,1900,2459,34,210
"8/4/2008","Monday",2435,1439,996,0,0,0,298,1082,191,689,489,1771,2259,31,145
"8/3/2008","Sunday",1367,950,417,0,0,0,192,731,89,325,281,1056,1337,0,30
"8/2/2008","Saturday",1430,899,531,0,0,0,221,668,101,420,322,1088,1410,0,20
"8/1/2008","Friday",1948,1145,803,0,0,0,231,867,127,598,358,1465,1823,38,87
"7/31/2008","Thursday",2124,1269,855,0,0,0,264,941,174,592,438,1533,1971,23,130
"7/30/2008","Wednesday",2167,1277,890,0,0,0,268,941,183,602,451,1543,1994,37,136
"7/29/2008","Tuesday",2096,1264,832,0,0,0,270,906,158,576,428,1482,1910,25,161
"7/28/2008","Monday",2397,1431,966,0,0,0,294,1060,175,674,469,1734,2203,22,172
"7/27/2008","Sunday",1191,823,368,0,0,0,189,613,70,295,259,908,1167,2,22
"7/26/2008","Saturday",1246,703,543,0,0,0,164,531,100,439,264,970,1234,1,11
"7/25/2008","Friday",1732,1009,723,0,0,0,210,758,130,527,340,1285,1625,10,97
"7/24/2008","Thursday",1922,1163,759,0,0,0,251,852,153,532,404,1384,1788,18,116
"7/23/2008","Wednesday",2058,1210,848,0,0,0,268,890,173,581,441,1471,1912,16,130
"7/22/2008","Tuesday",2211,1301,910,0,0,0,287,954,178,626,465,1580,2045,26,140
"7/21/2008","Monday",2412,1415,997,0,0,0,294,1049,183,699,477,1748,2225,22,165
"7/20/2008","Sunday",1190,827,363,0,0,0,183,623,69,285,252,908,1160,0,30
"7/19/2008","Saturday",1252,783,469,0,0,0,160,612,91,370,251,982,1233,0,19
"7/18/2008","Friday",1869,1103,766,0,0,0,222,830,148,550,370,1380,1750,24,95
"7/17/2008","Thursday",2082,1204,878,0,0,0,275,881,184,620,459,1501,1960,12,110
"7/16/2008","Wednesday",2301,1380,921,0,0,0,313,1015,189,637,502,1652,2154,31,116
"7/15/2008","Tuesday",2353,1431,922,0,0,0,307,1060,185,639,492,1699,2191,26,136
"7/14/2008","Monday",2474,1486,988,0,0,0,308,1102,206,695,514,1797,2311,15,148
"7/13/2008","Sunday",1291,889,402,0,0,0,178,695,82,312,260,1007,1267,0,24
"7/12/2008","Saturday",1417,891,526,0,0,0,184,694,118,405,302,1099,1401,0,16
"7/11/2008","Friday",1858,1074,784,0,0,0,229,802,164,560,393,1362,1755,14,89
"7/10/2008","Thursday",2211,1346,865,0,0,0,264,1018,182,616,446,1634,2080,9,122
"7/9/2008","Wednesday",2334,1390,944,0,0,0,300,1013,198,660,498,1673,2171,17,146
"7/8/2008","Tuesday",2437,1422,1015,0,0,0,314,1041,182,718,496,1759,2255,21,161
"7/7/2008","Monday",2543,1491,1052,0,0,0,322,1107,182,734,504,1841,2345,19,179
"7/6/2008","Sunday",1271,865,406,0,0,0,204,647,81,322,285,969,1254,0,17
"7/5/2008","Saturday",1134,714,420,0,0,0,154,552,84,333,238,885,1123,0,11
"7/4/2008","Friday",832,563,269,0,0,0,144,409,58,207,202,616,818,0,14
"7/3/2008","Thursday",1599,935,664,0,0,0,180,715,154,456,334,1171,1505,2,92
"7/2/2008","Wednesday",1997,1229,768,0,0,0,250,923,145,548,395,1471,1866,8,123
"7/1/2008","Tuesday",2229,1377,852,0,0,0,283,1021,193,560,476,1581,2057,22,150
"6/30/2008","Monday",2005,1183,822,0,0,0,219,896,175,543,394,1439,1833,10,162
"6/29/2008","Sunday",1074,730,344,0,0,0,171,533,84,253,255,786,1041,0,33
"6/28/2008","Saturday",1041,639,402,0,0,0,151,471,87,311,238,782,1020,0,21
"6/27/2008","Friday",1484,808,676,0,0,0,148,613,130,479,278,1092,1370,14,100
"6/26/2008","Thursday",1710,992,718,0,0,0,200,734,154,461,354,1195,1550,5,155
"6/25/2008","Wednesday",1805,1057,748,0,0,0,185,797,159,487,344,1284,1628,12,165
"6/24/2008","Tuesday",1926,1117,809,0,0,0,234,803,184,503,418,1306,1724,5,197
"6/23/2008","Monday",2054,1191,863,0,0,0,235,881,184,555,419,1436,1855,5,194
"6/22/2008","Sunday",1077,738,339,0,0,0,141,578,80,251,221,829,1050,0,27
"6/21/2008","Saturday",1086,641,445,0,0,0,140,483,101,339,241,822,1063,0,23
"6/20/2008","Friday",1613,945,668,0,0,0,192,693,157,448,349,1141,1490,6,117
"6/19/2008","Thursday",1819,1036,783,0,0,0,224,752,160,521,384,1273,1657,11,151
"6/18/2008","Wednesday",1928,1099,829,0,0,0,212,817,143,558,355,1375,1730,19,179
"6/17/2008","Tuesday",2000,1177,823,0,0,0,221,878,155,545,376,1423,1799,14,187
"6/16/2008","Monday",2196,1285,911,0,0,0,258,942,173,589,431,1531,1963,19,214
"6/15/2008","Sunday",974,662,312,0,0,0,151,490,73,230,224,720,944,0,30
"6/14/2008","Saturday",1030,638,392,0,0,0,116,509,83,307,199,816,1015,1,14
"6/13/2008","Friday",1598,898,700,0,0,0,192,655,164,470,356,1125,1481,7,110
"6/12/2008","Thursday",1836,1067,769,0,0,0,224,766,176,491,400,1257,1657,17,162
"6/11/2008","Wednesday",1985,1149,836,0,0,0,244,809,189,535,433,1344,1777,9,199
"6/10/2008","Tuesday",2009,1134,875,0,0,0,229,824,173,565,402,1389,1791,23,195
"6/9/2008","Monday",2203,1307,896,0,0,0,224,988,105,665,329,1653,1983,7,213
"6/8/2008","Sunday",1141,771,370,0,0,0,180,564,63,291,243,855,1098,0,43
"6/7/2008","Saturday",1204,726,478,0,0,0,150,559,85,378,235,937,1172,0,32
"6/6/2008","Friday",1679,940,739,0,0,0,206,662,95,528,301,1190,1491,19,169
"6/5/2008","Thursday",2025,1167,858,0,0,0,235,850,122,623,357,1473,1831,20,174
"6/4/2008","Wednesday",2259,1309,950,0,0,0,264,955,138,659,402,1614,2016,20,223
"6/3/2008","Tuesday",2500,1480,1020,0,0,0,278,1085,151,695,429,1780,2209,12,279
"6/2/2008","Monday",2578,1550,1028,0,0,0,316,1108,159,698,475,1806,2283,22,273
"6/1/2008","Sunday",1205,821,384,0,0,0,180,611,65,304,245,915,1160,0,45
"5/31/2008","Saturday",1288,794,494,0,0,0,169,597,72,407,241,1004,1245,0,43
"5/30/2008","Friday",1783,975,808,0,0,0,212,707,103,558,315,1265,1581,19,183
"5/29/2008","Thursday",2070,1198,872,0,0,0,238,851,128,614,366,1465,1831,13,226
"5/28/2008","Wednesday",2212,1300,912,0,0,0,259,926,121,649,380,1575,1956,12,244
"5/27/2008","Tuesday",2331,1392,939,0,0,0,272,998,140,633,412,1631,2043,18,270
"5/26/2008","Monday",1131,773,358,0,0,0,176,573,52,284,228,857,1085,4,42
"5/25/2008","Sunday",770,503,267,0,0,0,99,387,44,216,143,603,746,2,22
"5/24/2008","Saturday",1010,595,415,0,0,0,116,463,59,343,175,806,981,0,29
"5/23/2008","Friday",1717,981,736,0,0,0,213,698,111,529,324,1227,1551,12,154
"5/22/2008","Thursday",1932,1218,714,0,0,0,235,878,95,512,330,1390,1720,5,207
"5/21/2008","Wednesday",2163,1239,924,0,0,0,230,894,133,625,363,1519,1884,15,264
"5/20/2008","Tuesday",2261,1358,903,0,0,0,281,958,127,625,408,1583,1992,22,247
"5/19/2008","Monday",2461,1502,959,0,0,0,306,1013,138,660,444,1673,2119,13,329
"5/18/2008","Sunday",1296,909,387,0,0,0,206,682,63,312,269,994,1263,1,32
"5/17/2008","Saturday",1211,747,464,0,0,0,147,575,80,368,227,943,1170,0,41
"5/16/2008","Friday",1815,998,817,0,0,0,193,720,121,602,314,1322,1637,7,171
"5/15/2008","Thursday",2156,1267,889,0,0,0,247,901,138,635,385,1536,1922,14,220
"5/14/2008","Wednesday",2238,1306,932,0,0,0,241,926,115,671,356,1597,1953,8,277
"5/13/2008","Tuesday",2514,1494,1020,0,0,0,277,1056,143,702,420,1758,2179,19,316
"5/12/2008","Monday",2669,1658,1011,0,0,0,322,1208,128,682,450,1890,2341,27,301
"5/11/2008","Sunday",1043,728,315,0,0,0,162,541,55,253,217,794,1011,0,32
"5/10/2008","Saturday",1152,741,411,0,0,0,173,536,71,332,244,868,1112,1,39
"5/9/2008","Friday",1766,1045,721,0,0,0,221,758,106,539,327,1297,1624,4,138
"5/8/2008","Thursday",2215,1339,876,0,0,0,280,923,110,604,390,1527,1917,22,276
"5/7/2008","Wednesday",2559,1663,896,0,0,0,373,1164,126,639,499,1803,2303,24,232
"5/6/2008","Tuesday",2312,1399,913,0,0,0,282,1010,123,655,405,1665,2070,21,221
"5/5/2008","Monday",2476,1492,984,0,0,0,285,1085,154,687,439,1772,2213,14,249
"5/4/2008","Sunday",1362,925,437,0,0,0,191,707,77,350,268,1057,1325,3,34
"5/3/2008","Saturday",1393,831,562,0,0,0,172,635,81,469,253,1104,1357,1,35
"5/2/2008","Friday",1969,1116,853,0,0,0,228,824,144,626,372,1450,1822,9,138
"5/1/2008","Thursday",2256,1337,919,0,0,0,260,937,146,663,406,1600,2007,8,241
"4/30/2008","Wednesday",2228,1262,966,0,0,0,242,910,139,679,381,1589,1972,17,239
"4/29/2008","Tuesday",2138,1236,902,0,0,0,75,201,31,168,106,369,1903,14,221
"4/28/2008","Monday",2370,1405,965,0,0,0,60,213,21,155,81,368,2137,19,214
"4/27/2008","Sunday",1221,849,372,0,0,0,46,138,16,62,62,200,1194,1,26
"4/26/2008","Saturday",1120,662,458,0,0,0,22,104,9,53,31,157,1100,1,19
"4/25/2008","Friday",1665,921,744,0,0,0,24,115,12,83,36,198,1503,8,154
"4/24/2008","Thursday",1792,1014,778,0,0,0,36,117,14,59,50,176,1585,11,196
"4/23/2008","Wednesday",2109,1168,941,0,0,0,38,125,16,84,54,209,1876,15,218
"4/22/2008","Tuesday",2153,1278,875,0,0,0,47,123,15,65,62,188,1905,10,238
"4/21/2008","Monday",2249,1343,906,0,0,0,34,156,16,63,50,219,2020,21,208
"4/20/2008","Sunday",1151,833,318,0,0,0,31,104,7,30,38,134,1121,0,30
"4/19/2008","Saturday",1296,794,502,0,0,0,23,87,5,37,28,124,1280,0,16
"4/18/2008","Friday",1779,1012,767,0,0,0,34,90,8,48,42,138,1640,13,126
"4/17/2008","Thursday",2038,1187,851,0,0,0,30,98,11,41,41,139,1841,17,180
"4/16/2008","Wednesday",2377,1260,1117,0,0,0,31,99,13,59,44,158,2159,17,201
"4/15/2008","Tuesday",2429,1437,992,0,0,0,33,112,23,47,56,159,2224,11,194
"4/14/2008","Monday",2604,1531,1073,0,0,0,24,101,8,62,32,163,2379,27,198
"4/13/2008","Sunday",1471,952,519,0,0,0,23,77,9,24,32,101,1450,1,20
"4/12/2008","Saturday",1500,894,606,0,0,0,19,68,5,32,24,100,1479,3,18
"4/11/2008","Friday",1988,1135,853,0,0,0,16,78,7,37,23,115,1858,11,119
"4/10/2008","Thursday",2177,1208,969,0,0,0,21,72,8,36,29,108,2027,12,138
"4/9/2008","Wednesday",2474,1424,1050,0,0,0,18,70,6,43,24,113,2281,14,179
"4/8/2008","Tuesday",2475,1441,1034,0,0,0,29,64,11,24,40,88,2291,20,164
"4/7/2008","Monday",2804,1622,1182,0,0,0,17,77,12,49,29,126,2593,26,185
"4/6/2008","Sunday",1584,1067,517,0,0,0,23,54,6,20,29,74,1557,2,25
"4/5/2008","Saturday",1546,923,623,0,0,0,5,50,4,20,9,70,1532,2,12
"4/4/2008","Friday",2215,1274,941,0,0,0,11,53,7,21,18,74,2097,13,105
"4/3/2008","Thursday",2416,1412,1004,0,0,0,16,52,11,24,27,76,2263,26,127
"4/2/2008","Wednesday",2711,1558,1153,0,0,0,14,46,8,18,22,64,2521,36,154
"4/1/2008","Tuesday",2698,1587,1111,0,0,0,11,46,5,17,16,63,2488,22,188
"3/31/2008","Monday",2772,1599,1173,0,0,0,13,41,3,25,16,66,2602,19,151
"3/30/2008","Sunday",1545,1041,504,0,0,0,16,31,4,16,20,47,1519,0,26
"3/29/2008","Saturday",1556,924,632,0,0,0,14,16,2,6,16,22,1537,0,19
"3/28/2008","Friday",1875,1086,789,0,0,0,10,24,5,7,15,31,1765,13,97
"3/27/2008","Thursday",1994,1149,845,0,0,0,8,17,3,15,11,32,1859,15,120
"3/26/2008","Wednesday",2188,1287,901,0,0,0,7,30,2,12,9,42,2046,13,129
"3/25/2008","Tuesday",2396,1415,981,0,0,0,13,28,1,16,14,44,2238,14,144
"3/24/2008","Monday",2469,1451,1018,0,0,0,9,29,6,11,15,40,2323,15,131
"3/23/2008","Sunday",795,585,210,0,0,0,3,12,0,3,3,15,780,0,15
"3/22/2008","Saturday",1112,666,446,0,0,0,3,10,0,8,3,18,1097,1,14
"3/21/2008","Friday",1541,915,626,0,0,0,8,12,0,8,8,20,1479,7,55
"3/20/2008","Thursday",1865,1024,841,0,0,0,3,5,5,8,8,13,1766,15,84
"3/19/2008","Wednesday",2158,1269,889,0,0,0,10,9,2,13,12,22,2023,20,115
"3/18/2008","Tuesday",2291,1358,933,0,0,0,5,14,1,7,6,21,2183,14,94
"3/17/2008","Monday",2403,1408,995,0,0,0,6,23,4,12,10,35,2242,23,138
"3/16/2008","Sunday",1536,1030,506,0,0,0,4,14,2,2,6,16,1517,0,19
"3/15/2008","Saturday",1536,906,630,0,0,0,1,12,2,3,3,15,1520,0,16
"3/14/2008","Friday",2017,1160,857,0,0,0,2,8,1,8,3,16,1919,17,81
"3/13/2008","Thursday",2389,1347,1042,0,0,0,7,8,2,4,9,12,2276,20,93
"3/12/2008","Wednesday",2654,1469,1185,0,0,0,3,17,2,13,5,30,2510,18,126
"3/11/2008","Tuesday",2863,1682,1181,0,0,0,9,12,3,8,12,20,2726,17,120
"3/10/2008","Monday",3057,1759,1298,0,0,0,8,12,4,5,12,17,2887,37,133
"3/9/2008","Sunday",1842,1216,626,0,0,0,2,16,0,3,2,19,1815,0,27
"3/8/2008","Saturday",2045,1236,809,0,0,0,1,9,0,3,1,12,2024,2,19
"3/7/2008","Friday",2697,1481,1216,0,0,0,2,6,0,6,2,12,2586,25,86
"3/6/2008","Thursday",2351,1767,584,0,0,0,5,10,3,3,8,13,2252,16,83
"3/5/2008","Wednesday",3063,1766,1297,0,0,0,3,10,1,4,4,14,2912,29,122
"3/4/2008","Tuesday",3047,1736,1311,0,0,0,5,8,2,3,7,11,2891,34,122
"3/3/2008","Monday",3368,1936,1432,0,0,0,4,14,3,8,7,22,3208,37,123
"3/2/2008","Sunday",2062,1371,691,0,0,0,8,8,3,4,11,12,2031,2,29
"3/1/2008","Saturday",2005,1161,844,0,0,0,1,10,1,1,2,11,1981,2,22
"2/29/2008","Friday",2304,1328,976,0,0,0,1,4,0,3,1,7,2218,21,65
"2/28/2008","Thursday",2471,1417,1054,0,0,0,2,4,0,5,2,9,2366,19,86
"2/27/2008","Wednesday",2665,1584,1081,0,0,0,3,5,0,3,3,8,2535,35,95
"2/26/2008","Tuesday",2746,1604,1142,0,0,0,3,3,1,3,4,6,2624,26,96
"2/25/2008","Monday",3031,1739,1292,0,0,0,1,4,0,2,1,6,2917,30,84
"2/24/2008","Sunday",1934,1286,648,0,0,0,3,6,0,4,3,10,1916,0,18
"2/23/2008","Saturday",1880,1074,806,0,0,0,3,2,1,0,4,2,1856,0,24
"2/22/2008","Friday",2371,1322,1049,0,0,0,2,4,1,0,3,4,2283,23,65
"2/21/2008","Thursday",2735,1591,1144,0,0,0,1,4,0,5,1,9,2629,22,84
"2/20/2008","Wednesday",2839,1654,1185,0,0,0,5,5,1,2,6,7,2723,29,87
"2/19/2008","Tuesday",2924,1684,1240,0,0,0,1,2,0,4,1,6,2809,24,91
"2/18/2008","Monday",2817,1670,1147,0,0,0,1,1,2,0,3,1,2720,16,81
"2/17/2008","Sunday",1815,1165,650,0,0,0,3,4,1,3,4,7,1793,0,22
"2/16/2008","Saturday",1894,1109,785,0,0,0,1,1,0,1,1,2,1877,0,17
"2/15/2008","Friday",2305,1270,1035,0,0,0,0,2,1,1,1,3,2232,12,61
"2/14/2008","Thursday",2093,1202,891,0,0,0,1,1,0,0,1,1,2013,26,54
"2/13/2008","Wednesday",2692,1500,1192,0,0,0,0,0,1,1,1,1,2600,32,60
"2/12/2008","Tuesday",2848,1616,1232,0,0,0,1,1,0,1,1,2,2754,22,72
"2/11/2008","Monday",3313,1887,1426,0,0,0,0,1,1,0,1,1,3206,20,87
"2/10/2008","Sunday",2207,1452,755,0,0,0,3,3,0,0,3,3,2181,0,26
"2/9/2008","Saturday",2312,1364,948,0,0,0,0,1,0,1,0,2,2296,0,16
"2/8/2008","Friday",2719,1550,1169,0,0,0,0,1,0,1,0,2,2640,25,54
"2/7/2008","Thursday",3013,1741,1272,0,0,0,0,0,0,0,0,0,2902,34,77
"2/6/2008","Wednesday",3030,1725,1305,0,0,0,0,1,0,0,0,1,2930,27,73
"2/5/2008","Tuesday",3289,1906,1383,0,0,0,0,0,0,0,0,0,3193,31,65
"2/4/2008","Monday",3434,1968,1466,0,0,0,0,0,0,0,0,0,3318,32,84
"2/3/2008","Sunday",2002,1329,673,0,0,0,0,2,0,0,0,2,1985,1,16
"2/2/2008","Saturday",2247,1324,923,0,0,0,0,0,0,0,0,0,2224,3,20
"2/1/2008","Friday",2757,1522,1235,0,0,0,0,0,0,1,0,1,2684,28,45
"1/31/2008","Thursday",2744,1574,1170,0,0,0,0,0,0,1,0,1,2641,34,69
"1/30/2008","Wednesday",2819,1609,1210,0,0,0,1,1,0,0,1,1,2724,27,68
"1/29/2008","Tuesday",2942,1696,1246,0,0,0,0,0,0,0,0,0,2815,51,76
"1/28/2008","Monday",3080,1771,1309,0,0,0,0,0,0,0,0,0,2958,31,91
"1/27/2008","Sunday",2086,1359,727,0,0,0,0,0,0,0,0,0,2062,1,23
"1/26/2008","Saturday",2128,1247,881,0,0,0,0,1,0,0,0,1,2110,4,14
"1/25/2008","Friday",2600,1492,1108,0,0,0,0,0,0,0,0,0,2504,27,69
"1/24/2008","Thursday",2825,1607,1218,0,0,0,0,0,0,0,0,0,2712,31,82
"1/23/2008","Wednesday",2992,1659,1333,0,0,0,0,0,0,0,0,0,2876,36,80
"1/22/2008","Tuesday",3002,1715,1287,0,0,0,0,1,0,0,0,1,2888,41,73
"1/21/2008","Monday",2892,1715,1177,0,0,0,0,0,0,0,0,0,2825,16,51
"1/20/2008","Sunday",1967,1251,716,0,0,0,0,0,0,0,0,0,1945,0,22
"1/19/2008","Saturday",2111,1196,915,0,0,0,0,0,0,0,0,0,2091,1,19
"1/18/2008","Friday",2687,1516,1171,0,0,0,0,0,0,0,0,0,2592,38,57
"1/17/2008","Thursday",2955,1736,1219,0,0,0,0,1,0,0,0,1,2844,32,79
"1/16/2008","Wednesday",3307,1873,1434,0,0,0,0,0,0,0,0,0,3174,49,84
"1/15/2008","Tuesday",3556,2106,1450,0,0,0,0,0,0,0,0,0,3396,57,103
"1/14/2008","Monday",3698,2166,1532,0,0,0,0,0,0,0,0,0,3562,39,97
"1/13/2008","Sunday",2414,1592,822,0,0,0,0,0,0,0,0,0,2389,2,23
"1/12/2008","Saturday",2444,1439,1005,0,0,0,0,0,0,0,0,0,2430,3,11
"1/11/2008","Friday",3097,1795,1302,0,0,0,0,0,0,0,0,0,2994,51,52
"1/10/2008","Thursday",3448,2109,1339,0,0,0,0,0,0,0,0,0,3316,50,82
"1/9/2008","Wednesday",3811,2296,1515,0,0,0,0,0,0,0,0,0,3692,45,74
"1/8/2008","Tuesday",4011,2436,1575,0,0,0,0,0,0,0,0,0,3866,56,89
"1/7/2008","Monday",4229,2611,1618,0,0,0,0,0,0,0,0,0,4119,36,74
"1/6/2008","Sunday",2884,1924,960,0,0,0,0,0,0,0,0,0,2865,0,19
"1/5/2008","Saturday",2908,1766,1142,0,0,0,0,0,0,0,0,0,2884,0,24
"1/4/2008","Friday",3468,2186,1282,0,0,0,0,0,0,0,0,0,3400,16,52
"1/3/2008","Thursday",3904,2465,1439,0,0,0,0,0,0,0,0,0,3812,23,69
"1/2/2008","Wednesday",4240,2609,1631,0,0,0,0,0,0,0,0,0,4144,12,84
"1/1/2008","Tuesday",1786,1293,493,0,0,0,0,0,0,0,0,0,1774,0,12
"12/31/2007","Monday",1816,1110,706,0,0,0,0,0,0,0,0,0,1796,6,14
"12/30/2007","Sunday",1556,1002,554,0,0,0,0,0,0,0,0,0,1548,0,8
"12/29/2007","Saturday",1813,1080,733,0,0,0,0,0,0,0,0,0,1803,1,9
"12/28/2007","Friday",2271,1312,959,0,0,0,0,0,0,0,0,0,2235,12,24
"12/27/2007","Thursday",2357,1396,961,0,0,0,0,0,0,0,0,0,2321,3,33
"12/26/2007","Wednesday",2161,1212,949,0,0,0,0,0,0,0,0,0,2109,6,46
"12/25/2007","Tuesday",265,265,0,0,0,0,0,0,0,0,0,0,261,0,4
"12/24/2007","Monday",529,334,195,0,0,0,0,0,0,0,0,0,518,1,10
"12/23/2007","Sunday",606,365,241,0,0,0,0,0,0,0,0,0,603,0,3
"12/22/2007","Saturday",836,461,375,0,0,0,0,0,0,0,0,0,830,0,6
"12/21/2007","Friday",1214,643,571,0,0,0,0,0,0,0,0,0,1176,3,35
"12/20/2007","Thursday",1406,789,617,0,0,0,0,0,0,0,0,0,1369,3,34
"12/19/2007","Wednesday",1652,928,724,0,0,0,0,0,0,0,0,0,1589,13,50
"12/18/2007","Tuesday",1568,857,711,0,0,0,0,0,0,0,0,0,1488,16,64
"12/17/2007","Monday",1815,1042,773,0,0,0,0,0,0,0,0,0,1726,16,73
"12/16/2007","Sunday",1042,685,357,0,0,0,0,0,0,0,0,0,1023,0,19
"12/15/2007","Saturday",1055,575,480,0,0,0,0,0,0,0,0,0,1041,0,14
"12/14/2007","Friday",1459,773,686,0,0,0,0,0,0,0,0,0,1399,22,38
"12/13/2007","Thursday",1641,908,733,0,0,0,0,0,0,0,0,0,1563,12,66
"12/12/2007","Wednesday",1793,959,834,0,0,0,0,0,0,0,0,0,1698,15,80
"12/11/2007","Tuesday",1962,1100,862,0,0,0,0,0,0,0,0,0,1871,12,79
"12/10/2007","Monday",2259,1232,1027,0,0,0,0,0,0,0,0,0,2159,13,87
"12/9/2007","Sunday",1311,799,512,0,0,0,0,0,0,0,0,0,1292,0,19
"12/8/2007","Saturday",1309,700,609,0,0,0,0,0,0,0,0,0,1292,1,16
"12/7/2007","Friday",1862,1015,847,0,0,0,0,0,0,0,0,0,1787,7,68
"12/6/2007","Thursday",2153,1177,976,0,0,0,0,0,0,0,0,0,2039,15,99
"12/5/2007","Wednesday",2379,1270,1109,0,0,0,0,1,0,0,0,1,2277,19,83
"12/4/2007","Tuesday",2523,1437,1086,0,0,0,0,0,0,0,0,0,2411,24,88
"12/3/2007","Monday",2867,1628,1239,0,0,0,0,0,0,0,0,0,2741,20,106
"12/2/2007","Sunday",1761,1135,626,0,0,0,0,0,0,0,0,0,1725,0,36
"12/1/2007","Saturday",1618,932,686,0,0,0,0,0,0,0,0,0,1589,2,27
"11/30/2007","Friday",2202,1234,968,0,0,0,0,0,0,0,0,0,2097,23,82
"11/29/2007","Thursday",2449,1390,1059,0,0,0,0,0,0,0,0,0,2333,12,104
"11/28/2007","Wednesday",2751,1617,1134,0,0,0,0,0,0,0,0,0,2635,25,91
"11/27/2007","Tuesday",2868,1607,1261,0,0,0,0,0,0,0,0,0,2729,17,122
"11/26/2007","Monday",3026,1776,1250,0,0,0,0,0,0,0,0,0,2889,18,119
"11/25/2007","Sunday",1695,1028,667,0,0,0,0,1,0,0,0,1,1675,0,20
"11/24/2007","Saturday",1632,909,723,0,0,0,0,0,0,0,0,0,1617,1,14
"11/23/2007","Friday",1762,878,884,0,0,0,0,0,0,0,0,0,1746,4,12
"11/22/2007","Thursday",378,378,0,0,0,0,0,0,0,0,0,0,375,0,3
"11/21/2007","Wednesday",1663,936,727,0,0,0,0,0,0,0,0,0,1627,8,28
"11/20/2007","Tuesday",2108,1188,920,0,0,0,0,0,0,0,0,0,2034,5,69
"11/19/2007","Monday",2559,1422,1137,0,0,0,0,0,0,0,0,0,2436,14,109
"11/18/2007","Sunday",1606,992,614,0,0,0,0,0,0,0,0,0,1547,0,59
"11/17/2007","Saturday",1632,882,750,0,0,0,0,0,0,0,0,0,1577,2,53
"11/16/2007","Friday",2259,1243,1016,0,0,0,0,0,0,0,0,0,2153,12,94
"11/15/2007","Thursday",2517,1418,1099,0,0,0,0,0,0,0,0,0,2380,22,115
"11/14/2007","Wednesday",2640,1443,1197,0,0,0,0,0,0,0,0,0,2507,13,120
"11/13/2007","Tuesday",2948,1611,1337,0,0,0,0,0,0,0,0,0,2789,10,149
"11/12/2007","Monday",2709,1387,1322,0,0,0,0,0,0,0,0,0,2583,24,102
"11/11/2007","Sunday",1682,1070,612,0,0,0,0,0,0,0,0,0,1640,0,42
"11/10/2007","Saturday",1868,1034,834,0,0,0,0,0,0,0,0,0,1803,2,63
"11/9/2007","Friday",2284,1209,1075,0,0,0,0,0,0,0,0,0,2176,16,92
"11/8/2007","Thursday",2668,1467,1201,0,0,0,0,0,0,0,0,0,2537,16,115
"11/7/2007","Wednesday",2927,1600,1327,0,0,0,0,0,0,0,0,0,2780,38,109
"11/6/2007","Tuesday",3051,1718,1333,0,0,0,0,0,0,0,0,0,2883,18,150
"11/5/2007","Monday",3278,1808,1470,0,0,0,0,0,0,0,0,0,3093,24,161
"11/4/2007","Sunday",1967,1268,699,0,0,0,0,0,0,0,0,0,1906,0,61
"11/3/2007","Saturday",1886,1089,797,0,0,0,0,0,0,0,0,0,1832,1,53
"11/2/2007","Friday",2373,1326,1047,0,0,0,0,0,0,0,0,0,2253,19,101
"11/1/2007","Thursday",2450,1404,1046,0,0,0,0,0,0,0,0,0,2331,21,98
"10/31/2007","Wednesday",1857,1153,704,0,0,0,0,0,0,0,0,0,1778,29,50
"10/30/2007","Tuesday",2522,1532,990,0,0,0,0,0,0,0,0,0,2413,20,89
"10/29/2007","Monday",2882,1838,1044,0,0,0,0,0,0,0,0,0,2766,13,103
"10/28/2007","Sunday",1534,1038,496,0,0,0,0,0,0,0,0,0,1507,2,25
"10/27/2007","Saturday",1568,939,629,0,0,0,0,0,0,0,0,0,1545,1,22
"10/26/2007","Friday",1945,1117,828,0,0,0,0,0,0,0,0,0,1878,17,50
"10/25/2007","Thursday",2200,1331,869,0,0,0,0,0,0,0,0,0,2100,14,86
"10/24/2007","Wednesday",2383,1447,936,0,0,0,0,0,0,0,0,0,2277,34,72
"10/23/2007","Tuesday",2532,1512,1020,0,0,0,0,0,0,0,0,0,2421,25,86
"10/22/2007","Monday",2670,1618,1052,0,0,0,0,0,0,0,0,0,2548,28,94
"10/21/2007","Sunday",1587,1048,539,0,0,0,0,0,0,0,0,0,1573,0,14
"10/20/2007","Saturday",1501,904,597,0,0,0,0,0,0,0,0,0,1481,0,20
"10/19/2007","Friday",2005,1171,834,0,0,0,0,0,0,0,0,0,1952,11,42
"10/18/2007","Thursday",2359,1421,938,0,0,0,0,0,0,0,0,0,2285,21,53
"10/17/2007","Wednesday",2637,1565,1072,0,0,0,0,0,0,0,0,0,2542,29,66
"10/16/2007","Tuesday",2765,1670,1095,0,0,0,0,0,0,0,0,0,2665,25,75
"10/15/2007","Monday",2980,1781,1199,0,0,0,0,0,0,0,0,0,2866,38,76
"10/14/2007","Sunday",1731,1170,561,0,0,0,0,0,0,0,0,0,1712,1,18
"10/13/2007","Saturday",1748,1012,736,0,0,0,0,0,0,0,0,0,1734,3,11
"10/12/2007","Friday",2235,1331,904,0,0,0,0,0,0,0,0,0,2173,24,38
"10/11/2007","Thursday",2475,1526,949,0,0,0,0,0,0,0,0,0,2393,32,50
"10/10/2007","Wednesday",2811,1699,1112,0,0,0,0,0,0,0,0,0,2724,30,57
"10/9/2007","Tuesday",3003,1875,1128,0,0,0,0,0,0,0,0,0,2913,24,66
"10/8/2007","Monday",3113,1920,1193,0,0,0,0,0,0,0,0,0,3027,27,59
"10/7/2007","Sunday",1953,1298,655,0,0,0,0,0,0,0,0,0,1932,1,20
"10/6/2007","Saturday",1700,1039,661,0,0,0,0,0,0,0,0,0,1683,0,17
"10/5/2007","Friday",2254,1315,939,0,0,0,0,0,0,0,0,0,2194,27,33
"10/4/2007","Thursday",2644,1577,1067,0,0,0,0,0,0,0,0,0,2561,41,42
"10/3/2007","Wednesday",3056,1904,1152,0,0,0,0,0,0,0,0,0,2951,45,60
"10/2/2007","Tuesday",3141,1893,1248,0,0,0,0,0,0,0,0,0,3031,56,54
"10/1/2007","Monday",3177,1907,1270,0,0,0,0,0,0,0,0,0,3092,34,51
"9/30/2007","Sunday",1839,1263,576,0,0,0,0,0,0,0,0,0,1824,0,15
"9/29/2007","Saturday",1605,977,628,0,0,0,0,0,0,0,0,0,1591,1,13
"9/28/2007","Friday",1979,1144,835,0,0,0,0,0,0,0,0,0,1926,27,26
"9/27/2007","Thursday",2304,1407,897,0,0,0,0,0,0,0,0,0,2246,25,33
"9/26/2007","Wednesday",2370,1451,919,0,0,0,0,0,0,0,0,0,2317,16,37
"9/25/2007","Tuesday",2733,1641,1092,0,0,0,0,0,0,0,0,0,2639,45,49
"9/24/2007","Monday",2893,1734,1159,0,0,0,0,0,0,0,0,0,2796,40,57
"9/23/2007","Sunday",1722,1186,536,0,0,0,0,0,0,0,0,0,1712,1,9
"9/22/2007","Saturday",1763,1087,676,0,0,0,0,0,0,0,0,0,1759,1,3
"9/21/2007","Friday",2084,1221,863,0,0,0,0,0,0,0,0,0,2043,28,13
"9/20/2007","Thursday",2415,1423,992,0,0,0,0,0,0,0,0,0,2335,49,31
"9/19/2007","Wednesday",2692,1587,1105,0,0,0,0,0,0,0,0,0,2628,32,32
"9/18/2007","Tuesday",2840,1698,1142,0,0,0,0,0,0,0,0,0,2734,52,54
"9/17/2007","Monday",3227,1920,1307,0,0,0,0,0,0,0,0,0,3127,72,28
"9/16/2007","Sunday",1802,1235,567,0,0,0,0,0,0,0,0,0,1795,0,7
"9/15/2007","Saturday",1749,1059,690,0,0,0,0,0,0,0,0,0,1738,1,10
"9/14/2007","Friday",2365,1423,942,0,0,0,0,0,0,0,0,0,2304,27,34
"9/13/2007","Thursday",2615,1599,1016,0,0,0,0,0,0,0,0,0,2547,40,28
"9/12/2007","Wednesday",2801,1671,1130,0,0,0,0,0,0,0,0,0,2712,55,34
"9/11/2007","Tuesday",2980,1798,1182,0,0,0,0,0,0,0,0,0,2896,52,32
"9/10/2007","Monday",3196,1899,1297,0,0,0,0,0,0,0,0,0,3100,57,39
"9/9/2007","Sunday",2093,1464,629,0,0,0,0,0,0,0,0,0,2083,3,7
"9/8/2007","Saturday",1998,1231,767,0,0,0,0,0,0,0,0,0,1993,0,5
"9/7/2007","Friday",2331,1355,976,0,0,0,0,0,0,0,0,0,2275,26,30
"9/6/2007","Thursday",2786,1610,1176,0,0,0,0,0,0,0,0,0,2684,77,25
"9/5/2007","Wednesday",3108,1876,1232,0,0,0,0,0,0,0,0,0,2983,74,51
"9/4/2007","Tuesday",2853,1725,1128,0,0,0,0,0,0,0,0,0,2782,50,21
"9/3/2007","Monday",1581,1100,481,0,0,0,0,0,0,0,0,0,1566,10,5
"9/2/2007","Sunday",1190,768,422,0,0,0,0,0,0,0,0,0,1187,1,2
"9/1/2007","Saturday",1362,825,537,0,0,0,0,0,0,0,0,0,1356,2,4
"8/31/2007","Friday",1700,1021,679,0,0,0,0,0,0,0,0,0,1661,22,17
"8/30/2007","Thursday",1949,1135,814,0,0,0,0,0,0,0,0,0,1858,59,32
"8/29/2007","Wednesday",2023,1174,849,0,0,0,0,0,0,0,0,0,1953,37,33
"8/28/2007","Tuesday",2147,1256,891,0,0,0,0,0,0,0,0,0,2071,32,44
"8/27/2007","Monday",2266,1355,911,0,0,0,0,0,0,0,0,0,2180,43,43
"8/26/2007","Sunday",1270,857,413,0,0,0,0,0,0,0,0,0,1259,1,10
"8/25/2007","Saturday",1308,792,516,0,0,0,0,0,0,0,0,0,1295,0,13
"8/24/2007","Friday",1635,940,695,0,0,0,0,0,0,0,0,0,1573,28,34
"8/23/2007","Thursday",1917,1112,805,0,0,0,0,0,0,0,0,0,1853,30,34
"8/22/2007","Wednesday",2056,1205,851,0,0,0,0,0,0,0,0,0,1975,30,51
"8/21/2007","Tuesday",2210,1317,893,0,0,0,0,0,0,0,0,0,2109,30,71
"8/20/2007","Monday",2310,1383,927,0,0,0,0,0,0,0,0,0,2185,54,71
"8/19/2007","Sunday",1193,776,417,0,0,0,0,0,0,0,0,0,1176,0,17
"8/18/2007","Saturday",1254,763,491,0,0,0,0,0,0,0,0,0,1243,2,9
"8/17/2007","Friday",1773,1024,749,0,0,0,0,0,0,0,0,0,1673,42,58
"8/16/2007","Thursday",1907,1099,808,0,0,0,0,0,0,0,0,0,1828,30,49
"8/15/2007","Wednesday",2126,1218,908,0,0,0,0,0,0,0,0,0,1995,50,81
"8/14/2007","Tuesday",2135,1242,893,0,0,0,0,0,0,0,0,0,2010,39,86
"8/13/2007","Monday",2375,1405,970,0,0,0,0,0,0,0,0,0,2231,51,93
"8/12/2007","Sunday",1260,846,414,0,0,0,0,0,0,0,0,0,1245,0,15
"8/11/2007","Saturday",1236,754,482,0,0,0,0,0,0,0,0,0,1215,0,21
"8/10/2007","Friday",1884,1146,738,0,0,0,0,0,0,0,0,0,1799,27,58
"8/9/2007","Thursday",1965,1110,855,0,0,0,0,0,0,0,0,0,1842,30,93
"8/8/2007","Wednesday",2100,1193,907,0,0,0,0,0,0,0,0,0,1954,18,128
"8/7/2007","Tuesday",2358,1375,983,0,0,0,0,0,0,0,0,0,2200,20,138
"8/6/2007","Monday",2471,1428,1043,0,0,0,0,0,0,0,0,0,2308,55,108
"8/5/2007","Sunday",1252,805,447,0,0,0,0,0,0,0,0,0,1233,0,19
"8/4/2007","Saturday",1263,756,507,0,0,0,0,0,0,0,0,0,1244,2,17
"8/3/2007","Friday",1723,946,777,0,0,0,0,0,0,0,0,0,1630,20,73
"8/2/2007","Thursday",1954,1141,813,0,0,0,0,0,0,0,0,0,1851,10,93
"8/1/2007","Wednesday",2157,1261,896,0,0,0,0,0,0,0,0,0,2010,14,133
"7/31/2007","Tuesday",2118,1215,903,0,0,0,0,0,0,0,0,0,1953,16,149
"7/30/2007","Monday",2373,1379,994,0,0,0,0,0,0,0,0,0,2202,26,145
"7/29/2007","Sunday",1184,805,379,0,0,0,0,0,0,0,0,0,1161,0,23
"7/28/2007","Saturday",1076,633,443,0,0,0,0,0,0,0,0,0,1058,0,18
"7/27/2007","Friday",1599,938,661,0,0,0,0,0,0,0,0,0,1493,8,98
"7/26/2007","Thursday",1875,1079,796,0,0,0,0,0,0,0,0,0,1731,19,125
"7/25/2007","Wednesday",1895,1085,810,0,0,0,0,0,0,0,0,0,1731,17,147
"7/24/2007","Tuesday",2037,1158,879,0,0,0,0,0,0,0,0,0,1865,20,152
"7/23/2007","Monday",2198,1276,922,0,0,0,0,0,0,0,0,0,2006,20,172
"7/22/2007","Sunday",1086,720,366,0,0,0,0,0,0,0,0,0,1064,1,21
"7/21/2007","Saturday",1084,614,470,0,0,0,0,0,0,0,0,0,1069,0,15
"7/20/2007","Friday",1632,894,738,0,0,0,0,0,0,0,0,0,1513,21,98
"7/19/2007","Thursday",1857,1042,815,0,0,0,0,0,0,0,0,0,1738,10,109
"7/18/2007","Wednesday",2019,1140,879,0,0,0,0,0,0,0,0,0,1869,12,138
"7/17/2007","Tuesday",2233,1277,956,0,0,0,0,0,0,0,0,0,2076,15,142
"7/16/2007","Monday",2418,1404,1014,0,0,0,0,0,0,0,0,0,2243,21,154
"7/15/2007","Sunday",1158,748,410,0,0,0,0,0,0,0,0,0,1140,0,18
"7/14/2007","Saturday",1260,768,492,0,0,0,0,0,0,0,0,0,1248,0,12
"7/13/2007","Friday",1755,1008,747,0,0,0,0,0,0,0,0,0,1648,8,99
"7/12/2007","Thursday",1980,1143,837,0,0,0,0,0,0,0,0,0,1839,6,135
"7/11/2007","Wednesday",2148,1220,928,0,0,0,0,0,0,0,0,0,1987,26,135
"7/10/2007","Tuesday",2279,1330,949,0,0,0,0,0,0,0,0,0,2116,12,151
"7/9/2007","Monday",2501,1456,1045,0,0,0,0,0,0,0,0,0,2330,11,160
"7/8/2007","Sunday",1298,873,425,0,0,0,0,0,0,0,0,0,1277,0,21
"7/7/2007","Saturday",1336,799,537,0,0,0,0,0,0,0,0,0,1321,0,15
"7/6/2007","Friday",1879,1054,825,0,0,0,0,0,0,0,0,0,1788,2,89
"7/5/2007","Thursday",2213,1225,988,0,0,0,0,0,0,0,0,0,2037,7,169
"7/4/2007","Wednesday",875,614,261,0,0,0,0,0,0,0,0,0,861,0,14
"7/3/2007","Tuesday",1722,1013,709,0,0,0,0,0,0,0,0,0,1625,5,92
"7/2/2007","Monday",2037,1118,919,0,0,0,0,0,0,0,0,0,1868,10,159
"7/1/2007","Sunday",1012,656,356,0,0,0,0,0,0,0,0,0,998,0,14
"6/30/2007","Saturday",975,572,403,0,0,0,0,0,0,0,0,0,967,1,7
"6/29/2007","Friday",1470,827,643,0,0,0,0,0,0,0,0,0,1357,5,108
"6/28/2007","Thursday",1673,929,744,0,0,0,0,0,0,0,0,0,1503,6,164
"6/27/2007","Wednesday",1837,1005,832,0,0,0,0,0,0,0,0,0,1666,18,153
"6/26/2007","Tuesday",1855,1021,834,0,0,0,0,0,0,0,0,0,1660,3,192
"6/25/2007","Monday",2030,1116,914,0,0,0,0,0,0,0,0,0,1790,38,202
"6/24/2007","Sunday",1017,649,368,0,0,0,0,0,0,0,0,0,998,0,19
"6/23/2007","Saturday",987,582,405,0,0,0,0,0,0,0,0,0,973,0,14
"6/22/2007","Friday",1465,776,689,0,0,0,0,0,0,0,0,0,1345,14,106
"6/21/2007","Thursday",1595,906,689,0,0,0,0,0,0,0,0,0,1478,4,113
"6/20/2007","Wednesday",1697,957,740,0,0,0,0,0,0,0,0,0,1543,11,143
"6/19/2007","Tuesday",1926,1096,830,0,0,0,0,0,0,0,0,0,1731,10,185
"6/18/2007","Monday",2199,1233,966,0,0,0,0,0,0,0,0,0,1945,23,231
"6/17/2007","Sunday",843,577,266,0,0,0,0,0,0,0,0,0,828,0,15
"6/16/2007","Saturday",934,518,416,0,0,0,0,0,0,0,0,0,904,0,30
"6/15/2007","Friday",1387,787,600,0,0,0,0,0,0,0,0,0,1285,5,97
"6/14/2007","Thursday",1630,864,766,0,0,0,0,0,0,0,0,0,1482,11,137
"6/13/2007","Wednesday",1963,1076,887,0,0,0,0,0,0,0,0,0,1799,5,159
"6/12/2007","Tuesday",2038,1142,896,0,0,0,0,0,0,0,0,0,1854,5,179
"6/11/2007","Monday",2183,1297,886,0,0,0,0,0,0,0,0,0,1986,9,188
"6/10/2007","Sunday",1066,731,335,0,0,0,0,0,0,0,0,0,1045,0,21
"6/9/2007","Saturday",1089,657,432,0,0,0,0,0,0,0,0,0,1076,0,13
"6/8/2007","Friday",1640,915,725,0,0,0,0,0,0,0,0,0,1512,10,118
"6/7/2007","Thursday",1900,1080,820,0,0,0,0,0,0,0,0,0,1724,13,163
"6/6/2007","Wednesday",2167,1228,939,0,0,0,0,0,0,0,0,0,1939,30,198
"6/5/2007","Tuesday",2349,1335,1014,0,0,0,0,0,0,0,0,0,2087,15,247
"6/4/2007","Monday",2569,1486,1083,0,0,0,0,0,0,0,0,0,2259,5,305
"6/3/2007","Sunday",1344,916,428,0,0,0,0,0,0,0,0,0,1298,5,41
"6/2/2007","Saturday",1217,741,476,0,0,0,0,0,0,0,0,0,1189,1,27
"6/1/2007","Friday",1745,957,788,0,0,0,0,0,0,0,0,0,1601,6,138
"5/31/2007","Thursday",1996,1136,860,0,0,0,0,0,0,0,0,0,1779,11,206
"5/30/2007","Wednesday",2221,1243,978,0,0,0,0,0,0,0,0,0,1946,6,269
"5/29/2007","Tuesday",2351,1367,984,0,0,0,0,0,0,0,0,0,2104,12,235
"5/28/2007","Monday",1092,733,359,0,0,0,0,0,0,0,0,0,1058,0,34
"5/27/2007","Sunday",771,518,253,0,0,0,0,0,0,0,0,0,748,0,23
"5/26/2007","Saturday",1064,619,445,0,0,0,0,0,0,0,0,0,1032,0,32
"5/25/2007","Friday",1401,792,609,0,0,0,0,0,0,0,0,0,1246,9,146
"5/24/2007","Thursday",1742,1004,738,0,0,0,0,0,0,0,0,0,1554,7,181
"5/23/2007","Wednesday",2031,1204,827,0,0,0,0,0,0,0,0,0,1816,8,207
"5/22/2007","Tuesday",2201,1290,911,0,0,0,0,0,0,0,0,0,1964,5,232
"5/21/2007","Monday",2408,1435,973,0,0,0,0,0,0,0,0,0,2192,14,202
"5/20/2007","Sunday",1264,877,387,0,0,0,0,0,0,0,0,0,1231,0,33
"5/19/2007","Saturday",1176,699,477,0,0,0,0,0,0,0,0,0,1142,0,34
"5/18/2007","Friday",1701,995,706,0,0,0,0,0,0,0,0,0,1546,9,146
"5/17/2007","Thursday",1972,1116,856,0,0,0,0,0,0,0,0,0,1751,10,211
"5/16/2007","Wednesday",2176,1313,863,0,0,0,0,0,0,0,0,0,1935,9,232
"5/15/2007","Tuesday",2277,1333,944,0,0,0,0,0,0,0,0,0,2013,7,257
"5/14/2007","Monday",2482,1491,991,0,0,0,0,0,0,0,0,0,2190,20,272
"5/13/2007","Sunday",888,610,278,0,0,0,0,0,0,0,0,0,879,0,9
"5/12/2007","Saturday",1002,622,380,0,0,0,0,0,0,0,0,0,970,1,31
"5/11/2007","Friday",1637,967,670,0,0,0,0,0,0,0,0,0,1451,6,180
"5/10/2007","Thursday",2022,1156,866,0,0,0,0,0,0,0,0,0,1784,21,217
"5/9/2007","Wednesday",2216,1324,892,0,0,0,0,0,0,0,0,0,1995,11,210
"5/8/2007","Tuesday",2450,1437,1013,0,0,0,0,0,0,0,0,0,2188,9,253
"5/7/2007","Monday",2750,1618,1132,0,0,0,0,0,0,0,0,0,2489,14,247
"5/6/2007","Sunday",1370,910,460,0,0,0,0,0,0,0,0,0,1342,0,28
"5/5/2007","Saturday",1261,781,480,0,0,0,0,0,0,0,0,0,1221,0,40
"5/4/2007","Friday",1925,1104,821,0,0,0,0,0,0,0,0,0,1764,9,152
"5/3/2007","Thursday",2346,1330,1016,0,0,0,0,0,0,0,0,0,2070,24,252
"5/2/2007","Wednesday",2628,1577,1051,0,0,0,0,0,0,0,0,0,2368,17,243
"5/1/2007","Tuesday",2569,1511,1058,0,0,0,0,0,0,0,0,0,2269,17,283
"4/30/2007","Monday",2741,1635,1106,0,0,0,0,0,0,0,0,0,2481,31,229
"4/29/2007","Sunday",1342,905,437,0,0,0,0,0,0,0,0,0,1322,0,20
"4/28/2007","Saturday",1218,713,505,0,0,0,0,0,0,0,0,0,1195,1,22
"4/27/2007","Friday",1787,979,808,0,0,0,0,0,0,0,0,0,1632,11,144
"4/26/2007","Thursday",2017,1119,898,0,0,0,0,0,0,0,0,0,1837,18,162
"4/25/2007","Wednesday",2191,1264,927,0,0,0,0,0,0,0,0,0,1986,10,195
"4/24/2007","Tuesday",2305,1347,958,0,0,0,0,0,0,0,0,0,2078,15,212
"4/23/2007","Monday",2434,1469,965,0,0,0,0,0,0,0,0,0,2187,13,234
"4/22/2007","Sunday",1345,902,443,0,0,0,0,0,0,0,0,0,1322,0,23
"4/21/2007","Saturday",1234,742,492,0,0,0,0,0,0,0,0,0,1214,1,19
"4/20/2007","Friday",1899,1084,815,0,0,0,0,0,0,0,0,0,1760,9,130
"4/19/2007","Thursday",2252,1278,974,0,0,0,0,0,0,0,0,0,2068,22,162
"4/18/2007","Wednesday",2377,1412,965,0,0,0,0,0,0,0,0,0,2196,15,166
"4/17/2007","Tuesday",2574,1514,1060,0,0,0,0,0,0,0,0,0,2381,13,180
"4/16/2007","Monday",2719,1587,1132,0,0,0,0,0,0,0,0,0,2543,21,155
"4/15/2007","Sunday",1610,1122,488,0,0,0,0,0,0,0,0,0,1594,0,16
"4/14/2007","Saturday",1651,1036,615,0,0,0,0,0,0,0,0,0,1629,1,21
"4/13/2007","Friday",1999,1160,839,0,0,0,0,0,0,0,0,0,1904,7,88
"4/12/2007","Thursday",2531,1484,1047,0,0,0,0,0,0,0,0,0,2382,7,142
"4/11/2007","Wednesday",2526,1418,1108,0,0,0,0,0,0,0,0,0,2341,8,177
"4/10/2007","Tuesday",2546,1480,1066,0,0,0,0,0,0,0,0,0,2389,13,144
"4/9/2007","Monday",2825,1679,1146,0,0,0,0,0,0,0,0,0,2661,17,147
"4/8/2007","Sunday",829,604,225,0,0,0,0,0,0,0,0,0,823,0,6
"4/7/2007","Saturday",1150,716,434,0,0,0,0,0,0,0,0,0,1137,0,13
"4/6/2007","Friday",1593,960,633,0,0,0,0,0,0,0,0,0,1541,4,48
"4/5/2007","Thursday",2002,1189,813,0,0,0,0,0,0,0,0,0,1897,4,101
"4/4/2007","Wednesday",2423,1467,956,0,0,0,0,0,0,0,0,0,2268,17,138
"4/3/2007","Tuesday",2396,1403,993,0,0,0,0,0,0,0,0,0,2255,10,131
"4/2/2007","Monday",2652,1572,1080,0,0,0,0,0,0,0,0,0,2492,12,148
"4/1/2007","Sunday",1466,970,496,0,0,0,0,0,0,0,0,0,1435,0,31
"3/31/2007","Saturday",1326,795,531,0,0,0,0,0,0,0,0,0,1313,0,13
"3/30/2007","Friday",1713,957,756,0,0,0,0,0,0,0,0,0,1614,15,84
"3/29/2007","Thursday",2004,1127,877,0,0,0,0,0,0,0,0,0,1848,14,142
"3/28/2007","Wednesday",2155,1249,906,0,0,0,0,0,0,0,0,0,2027,9,119
"3/27/2007","Tuesday",2184,1288,896,0,0,0,0,0,0,0,0,0,2049,13,122
"3/26/2007","Monday",2373,1366,1007,0,0,0,0,0,0,0,0,0,2229,21,123
"3/25/2007","Sunday",1347,895,452,0,0,0,0,0,0,0,0,0,1330,0,17
"3/24/2007","Saturday",1375,852,523,0,0,0,0,0,0,0,0,0,1349,0,26
"3/23/2007","Friday",1761,1017,744,0,0,0,0,0,0,0,0,0,1650,22,89
"3/22/2007","Thursday",2127,1224,903,0,0,0,0,0,0,0,0,0,1996,18,113
"3/21/2007","Wednesday",2350,1337,1013,0,0,0,0,0,0,0,0,0,2212,29,109
"3/20/2007","Tuesday",2633,1491,1142,0,0,0,0,0,0,0,0,0,2511,19,103
"3/19/2007","Monday",2853,1662,1191,0,0,0,0,0,0,0,0,0,2720,27,106
"3/18/2007","Sunday",1760,1187,573,0,0,0,0,0,0,0,0,0,1743,0,17
"3/17/2007","Saturday",1548,929,619,0,0,0,0,0,0,0,0,0,1530,0,18
"3/16/2007","Friday",1918,1086,832,0,0,0,0,0,0,0,0,0,1829,7,82
"3/15/2007","Thursday",2252,1315,937,0,0,0,0,0,0,0,0,0,2147,10,95
"3/14/2007","Wednesday",2601,1552,1049,0,0,0,0,0,0,0,0,0,2476,21,104
"3/13/2007","Tuesday",2700,1578,1122,0,0,0,0,0,0,0,0,0,2560,21,119
"3/12/2007","Monday",2975,1696,1279,0,0,0,0,0,0,0,0,0,2827,26,122
"3/11/2007","Sunday",1713,1110,603,0,0,0,0,0,0,0,0,0,1697,1,15
"3/10/2007","Saturday",1854,1116,738,0,0,0,0,0,0,0,0,0,1840,1,13
"3/9/2007","Friday",2299,1290,1009,0,0,0,0,0,0,0,0,0,2188,20,91
"3/8/2007","Thursday",2814,1642,1172,0,0,0,0,0,0,0,0,0,2709,16,89
"3/7/2007","Wednesday",3170,1901,1269,0,0,0,0,0,0,0,0,0,3043,29,98
"3/6/2007","Tuesday",3343,1959,1384,0,0,0,0,0,0,0,0,0,3193,35,115
"3/5/2007","Monday",3619,2133,1486,0,0,0,0,0,0,0,0,0,3482,34,103
"3/4/2007","Sunday",2210,1465,745,0,0,0,0,0,0,0,0,0,2195,1,14
"3/3/2007","Saturday",2205,1377,828,0,0,0,0,0,0,0,0,0,2183,2,20
"3/2/2007","Friday",2687,1582,1105,0,0,0,0,0,0,0,0,0,2619,18,50
"3/1/2007","Thursday",2878,1655,1223,0,0,0,0,0,0,0,0,0,2785,24,69
"2/28/2007","Wednesday",2964,1712,1252,0,0,0,0,0,0,0,0,0,2864,30,70
"2/27/2007","Tuesday",3115,1790,1325,0,0,0,0,0,0,0,0,0,3009,24,82
"2/26/2007","Monday",3425,2063,1362,0,0,0,0,0,0,0,0,0,3296,30,99
"2/25/2007","Sunday",1971,1330,641,0,0,0,0,0,0,0,0,0,1956,0,15
"2/24/2007","Saturday",1878,1157,721,0,0,0,0,0,0,0,0,0,1864,1,13
"2/23/2007","Friday",2363,1362,1001,0,0,0,0,0,0,0,0,0,2297,14,52
"2/22/2007","Thursday",2526,1451,1075,0,0,0,0,0,0,0,0,0,2443,28,55
"2/21/2007","Wednesday",2846,1628,1218,0,0,0,0,0,0,0,0,0,2758,19,69
"2/20/2007","Tuesday",3009,1794,1215,0,0,0,0,0,0,0,0,0,2939,14,56
"2/19/2007","Monday",2942,1766,1176,0,0,0,0,0,0,0,0,0,2868,12,62
"2/18/2007","Sunday",1816,1129,687,0,0,0,0,0,0,0,0,0,1803,0,13
"2/17/2007","Saturday",1866,1075,791,0,0,0,0,0,0,0,0,0,1854,0,12
"2/16/2007","Friday",2246,1303,943,0,0,0,0,0,0,0,0,0,2179,12,55
"2/15/2007","Thursday",2594,1505,1089,0,0,0,0,0,0,0,0,0,2494,21,79
"2/14/2007","Wednesday",2181,1314,867,0,0,0,0,0,0,0,0,0,2128,11,42
"2/13/2007","Tuesday",2708,1488,1220,0,0,0,0,0,0,0,0,0,2633,12,63
"2/12/2007","Monday",3338,1892,1446,0,0,0,0,0,0,0,0,0,3230,33,75
"2/11/2007","Sunday",2104,1348,756,0,0,0,0,0,0,0,0,0,2091,0,13
"2/10/2007","Saturday",2087,1242,845,0,0,0,0,0,0,0,0,0,2077,0,10
"2/9/2007","Friday",2512,1406,1106,0,0,0,0,0,0,0,0,0,2446,18,48
"2/8/2007","Thursday",2924,1699,1225,0,0,0,0,0,0,0,0,0,2842,27,55
"2/7/2007","Wednesday",3205,1859,1346,0,0,0,0,0,0,0,0,0,3091,34,80
"2/6/2007","Tuesday",3314,1937,1377,0,0,0,0,0,0,0,0,0,3217,28,69
"2/5/2007","Monday",3483,2015,1468,0,0,0,0,0,0,0,0,0,3390,27,66
"2/4/2007","Sunday",1943,1296,647,0,0,0,0,0,0,0,0,0,1930,1,12
"2/3/2007","Saturday",2233,1361,872,0,0,0,0,0,0,0,0,0,2223,3,7
"2/2/2007","Friday",2530,1463,1067,0,0,0,0,0,0,0,0,0,2477,19,34
"2/1/2007","Thursday",2948,1724,1224,0,0,0,0,0,0,0,0,0,2879,30,39
"1/31/2007","Wednesday",2849,1678,1171,0,0,0,0,0,0,0,0,0,2758,27,64
"1/30/2007","Tuesday",3194,1861,1333,0,0,0,0,0,0,0,0,0,3101,38,55
"1/29/2007","Monday",3349,1978,1371,0,0,0,0,0,0,0,0,0,3251,39,59
"1/28/2007","Sunday",2215,1481,734,0,0,0,0,0,0,0,0,0,2205,0,10
"1/27/2007","Saturday",1918,1195,723,0,0,0,0,0,0,0,0,0,1906,0,12
"1/26/2007","Friday",2358,1340,1018,0,0,0,0,0,0,0,0,0,2297,23,38
"1/25/2007","Thursday",2696,1524,1172,0,0,0,0,0,0,0,0,0,2599,47,50
"1/24/2007","Wednesday",3162,1783,1379,0,0,0,0,0,0,0,0,0,3062,42,58
"1/23/2007","Tuesday",2740,1586,1154,0,0,0,0,0,0,0,0,0,2680,5,55
"1/22/2007","Monday",3568,2118,1450,0,0,0,0,0,0,0,0,0,3466,40,62
"1/21/2007","Sunday",2189,1462,727,0,0,0,0,0,0,0,0,0,2174,0,15
"1/20/2007","Saturday",2222,1347,875,0,0,0,0,0,0,0,0,0,2209,5,8
"1/19/2007","Friday",2734,1526,1208,0,0,0,0,0,0,0,0,0,2643,41,50
"1/18/2007","Thursday",3456,1902,1554,0,0,0,0,0,0,0,0,0,3349,49,58
"1/17/2007","Wednesday",2423,2415,8,0,0,0,0,0,0,0,0,0,2400,0,23
"1/16/2007","Tuesday",3471,1995,1476,0,0,0,0,0,0,0,0,0,3369,39,63
"1/15/2007","Monday",3169,1986,1183,0,0,0,0,0,0,0,0,0,3134,9,26
"1/14/2007","Sunday",2324,1538,786,0,0,0,0,0,0,0,0,0,2314,1,9
"1/13/2007","Saturday",2399,1459,940,0,0,0,0,0,0,0,0,0,2387,3,9
"1/12/2007","Friday",2929,1696,1233,0,0,0,0,0,0,0,0,0,2815,49,65
"1/11/2007","Thursday",3561,2133,1428,0,0,0,0,0,0,0,0,0,3472,22,67
"1/10/2007","Wednesday",3891,2369,1522,0,0,0,0,0,0,0,0,0,3793,39,59
"1/9/2007","Tuesday",4107,2499,1608,0,0,0,0,1,0,0,0,1,4027,17,63
"1/8/2007","Monday",4617,2843,1774,0,0,0,0,0,0,0,0,0,4521,25,71
"1/7/2007","Sunday",2811,1909,902,0,0,0,0,0,0,0,0,0,2803,1,7
"1/6/2007","Saturday",2769,1660,1109,0,0,0,0,0,0,0,0,0,2761,2,6
"1/5/2007","Friday",3548,2097,1451,0,0,0,0,0,0,0,0,0,3496,21,31
"1/4/2007","Thursday",4218,2459,1759,0,0,0,0,0,0,0,0,0,4146,29,43
"1/3/2007","Wednesday",4535,2744,1791,0,0,0,0,0,0,0,0,0,4427,29,79
"1/2/2007","Tuesday",4851,2959,1892,0,0,0,0,0,0,0,0,0,4781,9,61
"1/1/2007","Monday",1997,1498,499,0,0,0,0,0,0,0,0,0,1986,0,11
"12/31/2006","Sunday",1263,855,408,0,0,0,0,0,0,0,0,0,1259,0,4
"12/30/2006","Saturday",1791,1057,734,0,0,0,0,0,0,0,0,0,1780,5,6
"12/29/2006","Friday",2350,1368,982,0,0,0,0,0,0,0,0,0,2329,5,16
"12/28/2006","Thursday",2575,1473,1102,0,0,0,0,0,0,0,0,0,2518,13,44
"12/27/2006","Wednesday",2741,1578,1163,0,0,0,0,0,0,0,0,0,2689,0,52
"12/26/2006","Tuesday",2254,1254,1000,0,0,0,0,0,0,0,0,0,2215,2,37
"12/25/2006","Monday",311,311,0,0,0,0,0,0,0,0,0,0,304,0,7
"12/24/2006","Sunday",352,251,101,0,0,0,0,0,0,0,0,0,346,0,6
"12/23/2006","Saturday",687,407,280,0,0,0,0,0,0,0,0,0,678,0,9
"12/22/2006","Friday",1005,534,471,0,0,0,0,0,0,0,0,0,989,4,12
"12/21/2006","Thursday",1257,682,575,0,0,0,0,0,0,0,0,0,1215,3,39
"12/20/2006","Wednesday",1525,835,690,0,0,0,0,0,0,0,0,0,1444,7,74
"12/19/2006","Tuesday",1678,973,705,0,0,0,0,0,0,0,0,0,1606,8,64
"12/18/2006","Monday",1824,1050,774,0,0,0,0,0,0,0,0,0,1720,18,86
"12/17/2006","Sunday",1012,624,388,0,0,0,0,0,0,0,0,0,999,0,13
"12/16/2006","Saturday",1086,611,475,0,0,0,0,0,0,0,0,0,1068,0,18
"12/15/2006","Friday",1330,728,602,0,0,0,0,0,0,0,0,0,1277,8,45
"12/14/2006","Thursday",1666,924,742,0,0,0,0,0,0,0,0,0,1598,10,58
"12/13/2006","Wednesday",2033,1117,916,0,0,0,0,0,0,0,0,0,1935,17,81
"12/12/2006","Tuesday",2146,1195,951,0,0,0,0,0,0,0,0,0,2042,8,96
"12/11/2006","Monday",2527,1388,1139,0,0,0,0,0,0,0,0,0,2426,6,95
"12/10/2006","Sunday",1401,910,491,0,0,0,0,0,0,0,0,0,1384,0,17
"12/9/2006","Saturday",1427,773,654,0,0,0,0,0,0,0,0,0,1403,0,24
"12/8/2006","Friday",1929,1015,914,0,0,0,0,0,0,0,0,0,1847,13,69
"12/7/2006","Thursday",2321,1259,1062,0,0,0,0,0,0,0,0,0,2221,9,91
"12/6/2006","Wednesday",2584,1399,1185,0,0,0,0,0,0,0,0,0,2461,16,107
"12/5/2006","Tuesday",2783,1466,1317,0,0,0,0,0,0,0,0,0,2637,36,110
"12/4/2006","Monday",3379,1865,1514,0,0,0,0,0,0,0,0,0,3207,11,161
"12/3/2006","Sunday",1909,1219,690,0,0,0,0,0,0,0,0,0,1891,0,18
"12/2/2006","Saturday",1810,1019,791,0,0,0,0,0,0,0,0,0,1789,1,20
"12/1/2006","Friday",2376,1300,1076,0,0,0,0,0,0,0,0,0,2280,7,89
"11/30/2006","Thursday",2071,1597,474,0,0,0,0,0,0,0,0,0,1996,3,72
"11/29/2006","Wednesday",2895,1648,1247,0,0,0,0,0,0,0,0,0,2769,16,110
"11/28/2006","Tuesday",3141,1816,1325,0,0,0,0,0,0,0,0,0,3027,29,85
"11/27/2006","Monday",3513,2003,1510,0,0,0,0,0,0,0,0,0,3381,5,127
"11/26/2006","Sunday",1801,1183,618,0,0,0,0,0,0,0,0,0,1780,0,21
"11/25/2006","Saturday",1705,964,741,0,0,0,0,0,0,0,0,0,1685,1,19
"11/24/2006","Friday",1739,891,848,0,0,0,0,0,0,0,0,0,1723,2,14
"11/23/2006","Thursday",415,415,0,0,0,0,0,0,0,0,0,0,412,0,3
"11/22/2006","Wednesday",1776,976,800,0,0,0,0,0,0,0,0,0,1741,5,30
"11/21/2006","Tuesday",2368,1298,1070,0,0,0,0,0,0,0,0,0,2288,11,69
"11/20/2006","Monday",2973,1651,1322,0,0,0,0,0,0,0,0,0,2874,12,87
"11/19/2006","Sunday",1952,1151,801,0,0,0,0,0,0,0,0,0,1932,2,18
"11/18/2006","Saturday",1798,888,910,0,0,0,0,0,0,0,0,0,1772,0,26
"11/17/2006","Friday",2341,1197,1144,0,0,0,0,0,0,0,0,0,2266,8,67
"11/16/2006","Thursday",2693,1319,1374,0,0,0,0,0,0,0,0,0,2580,21,92
"11/15/2006","Wednesday",3103,1591,1512,0,0,0,0,0,0,0,0,0,2971,28,104
"11/14/2006","Tuesday",3229,1604,1625,0,0,0,0,0,0,0,0,0,3096,20,113
"11/13/2006","Monday",3573,1791,1782,0,0,0,0,0,0,0,0,0,3436,13,124
"11/12/2006","Sunday",2095,1258,837,0,0,0,0,0,0,0,0,0,2067,0,28
"11/11/2006","Saturday",2031,1008,1023,0,0,0,0,0,0,0,0,0,1989,1,41
"11/10/2006","Friday",2466,1216,1250,0,0,0,0,0,0,0,0,0,2369,14,83
"11/9/2006","Thursday",2901,1456,1445,0,0,0,0,0,0,0,0,0,2775,23,103
"11/8/2006","Wednesday",3263,1604,1659,0,0,0,0,0,0,0,0,0,3126,32,105
"11/7/2006","Tuesday",3338,1732,1606,0,0,0,0,0,0,0,0,0,3214,16,108
"11/6/2006","Monday",3876,1973,1903,0,0,0,0,0,0,0,0,0,3724,26,126
"11/5/2006","Sunday",2331,1355,976,0,0,0,0,0,0,0,0,0,2303,2,26
"11/4/2006","Saturday",2175,1079,1096,0,0,0,0,0,0,0,0,0,2145,2,28
"11/3/2006","Friday",2729,1367,1362,0,0,0,0,0,0,0,0,0,2648,19,62
"11/2/2006","Thursday",3137,1555,1582,0,0,0,0,0,0,0,0,0,3043,9,85
"11/1/2006","Wednesday",3111,1599,1512,0,0,0,0,0,0,0,0,0,3002,18,91
"10/31/2006","Tuesday",2134,1072,1062,0,0,0,0,0,0,0,0,0,2049,13,72
"10/30/2006","Monday",2894,1452,1442,0,0,0,0,0,0,0,0,0,2784,15,95
"10/29/2006","Sunday",1670,967,703,0,0,0,0,0,0,0,0,0,1648,0,22
"10/28/2006","Saturday",1637,845,792,0,0,0,0,0,0,0,0,0,1617,0,20
"10/27/2006","Friday",2102,992,1110,0,0,0,0,0,0,0,0,0,2051,11,40
"10/26/2006","Thursday",2402,1227,1175,0,0,0,0,0,0,0,0,0,2324,17,61
"10/25/2006","Wednesday",2640,1331,1309,0,0,0,0,0,0,0,0,0,2538,15,87
"10/24/2006","Tuesday",2799,1458,1341,0,0,0,0,0,0,0,0,0,2713,15,71
"10/23/2006","Monday",3121,1569,1552,0,0,0,0,0,0,0,0,0,3018,25,78
"10/22/2006","Sunday",1800,1050,750,0,0,0,0,0,0,0,0,0,1787,0,13
"10/21/2006","Saturday",1686,834,852,0,0,0,0,0,0,0,0,0,1659,0,27
"10/20/2006","Friday",2249,1084,1165,0,0,0,0,0,0,0,0,0,2185,16,48
"10/19/2006","Thursday",2570,1294,1276,0,0,0,0,0,0,0,0,0,2477,24,69
"10/18/2006","Wednesday",2783,1380,1403,0,0,0,0,0,0,0,0,0,2668,35,80
"10/17/2006","Tuesday",2986,1522,1464,0,0,0,0,0,0,0,0,0,2907,12,67
"10/16/2006","Monday",3338,1627,1711,0,0,0,0,0,0,0,0,0,3251,16,71
"10/15/2006","Sunday",1878,1074,804,0,0,0,0,0,0,0,0,0,1868,1,9
"10/14/2006","Saturday",1852,953,899,0,0,0,0,0,0,0,0,0,1835,1,16
"10/13/2006","Friday",2477,1171,1306,0,0,0,0,0,0,0,0,0,2403,32,42
"10/12/2006","Thursday",2772,1328,1444,0,0,0,0,0,0,0,0,0,2704,27,41
"10/11/2006","Wednesday",3103,1556,1547,0,0,0,0,0,0,0,0,0,3021,28,54
"10/10/2006","Tuesday",3323,1658,1665,0,0,0,0,0,0,0,0,0,3221,24,78
"10/9/2006","Monday",3367,1759,1608,0,0,0,0,0,0,0,0,0,3284,27,56
"10/8/2006","Sunday",1945,1139,806,0,0,0,0,0,0,0,0,0,1932,0,13
"10/7/2006","Saturday",1959,940,1019,0,0,0,0,0,0,0,0,0,1941,0,18
"10/6/2006","Friday",2601,1267,1334,0,0,0,0,0,0,0,0,0,2541,27,33
"10/5/2006","Thursday",2986,1455,1531,0,0,0,0,0,0,0,0,0,2904,26,56
"10/4/2006","Wednesday",3229,1543,1686,0,0,0,0,0,0,0,0,0,3152,27,50
"10/3/2006","Tuesday",3350,1660,1690,0,0,0,0,0,0,0,0,0,3261,32,57
"10/2/2006","Monday",3669,1843,1826,0,0,0,0,0,0,0,0,0,3578,36,55
"10/1/2006","Sunday",2000,1167,833,0,0,0,0,0,0,0,0,0,1989,1,10
"9/30/2006","Saturday",1755,887,868,0,0,0,0,0,0,0,0,0,1746,1,8
"9/29/2006","Friday",2231,1093,1138,0,0,0,0,0,0,0,0,0,2175,29,27
"9/28/2006","Thursday",2518,1200,1318,0,0,0,0,0,0,0,0,0,2464,25,29
"9/27/2006","Wednesday",2807,1400,1407,0,0,0,0,0,0,0,0,0,2750,15,42
"9/26/2006","Tuesday",3060,1506,1554,0,0,0,0,0,0,0,0,0,2988,21,51
"9/25/2006","Monday",3274,1616,1658,0,0,0,0,0,0,0,0,0,3179,46,49
"9/24/2006","Sunday",1827,1045,782,0,0,0,0,0,0,0,0,0,1822,0,5
"9/23/2006","Saturday",1848,902,946,0,0,0,0,0,0,0,0,0,1839,3,6
"9/22/2006","Friday",2361,1145,1216,0,0,0,0,0,0,0,0,0,2306,31,24
"9/21/2006","Thursday",2575,1239,1336,0,0,0,0,0,0,0,0,0,2517,33,25
"9/20/2006","Wednesday",2971,1488,1483,0,0,0,0,0,0,0,0,0,2890,56,25
"9/19/2006","Tuesday",3175,1534,1641,0,0,0,0,0,0,0,0,0,3093,42,40
"9/18/2006","Monday",3391,1680,1711,0,0,0,0,0,0,0,0,0,3309,41,41
"9/17/2006","Sunday",1942,1127,815,0,0,0,0,0,0,0,0,0,1936,0,6
"9/16/2006","Saturday",1873,918,955,0,0,0,0,0,0,0,0,0,1862,7,4
"9/15/2006","Friday",2446,1176,1270,0,0,0,0,0,0,0,0,0,2406,22,18
"9/14/2006","Thursday",2899,1400,1499,0,0,0,0,0,0,0,0,0,2828,47,24
"9/13/2006","Wednesday",3068,1452,1616,0,0,0,0,0,0,0,0,0,2994,43,31
"9/12/2006","Tuesday",3246,1618,1628,0,0,0,0,0,0,0,0,0,3183,34,29
"9/11/2006","Monday",3524,1774,1750,0,0,0,0,0,0,0,0,0,3461,41,22
"9/10/2006","Sunday",2143,1243,900,0,0,0,0,0,0,0,0,0,2135,0,8
"9/9/2006","Saturday",2226,1131,1095,0,0,0,0,0,0,0,0,0,2219,2,5
"9/8/2006","Friday",2740,1291,1449,0,0,0,0,0,0,0,0,0,2682,35,23
"9/7/2006","Thursday",3129,1539,1590,0,0,0,0,0,0,0,0,0,3074,31,24
"9/6/2006","Wednesday",3167,1547,1620,0,0,0,0,0,0,0,0,0,3104,37,26
"9/5/2006","Tuesday",3347,1614,1733,0,0,0,0,0,0,0,0,0,3271,61,15
"9/4/2006","Monday",1928,1095,833,0,0,0,0,0,0,0,0,0,1920,2,6
"9/3/2006","Sunday",1423,815,608,0,0,0,0,0,0,0,0,0,1419,0,4
"9/2/2006","Saturday",1834,951,883,0,0,0,0,0,0,0,0,0,1831,1,2
"9/1/2006","Friday",2188,1065,1123,0,0,0,0,0,0,0,0,0,2149,24,15
"8/31/2006","Thursday",2434,1221,1213,0,0,0,0,0,0,0,0,0,2343,60,31
"8/30/2006","Wednesday",2589,1329,1260,0,0,0,0,0,0,0,0,0,2540,29,20
"8/29/2006","Tuesday",2490,1275,1215,0,0,0,0,0,0,0,0,0,2425,36,29
"8/28/2006","Monday",2588,1562,1026,0,0,0,0,0,0,0,0,0,2486,58,44
"8/27/2006","Sunday",1397,960,437,0,0,0,0,0,0,0,0,0,1390,0,7
"8/26/2006","Saturday",1473,879,594,0,0,0,0,0,0,0,0,0,1469,0,4
"8/25/2006","Friday",1865,1096,769,0,0,0,0,0,0,0,0,0,1815,28,22
"8/24/2006","Thursday",2199,1316,883,0,0,0,0,0,0,0,0,0,2106,58,35
"8/23/2006","Wednesday",2279,1319,960,0,0,0,0,0,0,0,0,0,2172,58,49
"8/22/2006","Tuesday",2386,1395,991,0,0,0,0,0,0,0,0,0,2301,48,37
"8/21/2006","Monday",2450,1411,1039,0,0,0,0,0,0,0,0,0,2349,36,65
"8/20/2006","Sunday",1352,903,449,0,0,0,0,0,0,0,0,0,1347,1,4
"8/19/2006","Saturday",1462,863,599,0,0,0,0,0,0,0,0,0,1449,5,8
"8/18/2006","Friday",1902,1104,798,0,0,0,0,0,0,0,0,0,1842,28,32
"8/17/2006","Thursday",2208,1307,901,0,0,0,0,0,0,0,0,0,2128,36,44
"8/16/2006","Wednesday",2255,1336,919,0,0,0,0,0,0,0,0,0,2184,31,40
"8/15/2006","Tuesday",2579,1528,1051,0,0,0,0,0,0,0,0,0,2466,37,76
"8/14/2006","Monday",2719,1631,1088,0,0,0,0,0,0,0,0,0,2605,37,77
"8/13/2006","Sunday",1358,940,418,0,0,0,0,0,0,0,0,0,1348,1,9
"8/12/2006","Saturday",1422,880,542,0,0,0,0,0,0,0,0,0,1413,1,8
"8/11/2006","Friday",1960,1087,873,0,0,0,0,0,0,0,0,0,1892,44,24
"8/10/2006","Thursday",2257,1332,925,0,0,0,0,0,0,0,0,0,2142,47,68
"8/9/2006","Wednesday",2401,1448,953,0,0,0,0,0,0,0,0,0,2314,6,81
"8/8/2006","Tuesday",2538,1516,1022,0,0,0,0,0,0,0,0,0,2428,22,88
"8/7/2006","Monday",2721,1585,1136,0,0,0,0,0,0,0,0,0,2584,34,103
"8/6/2006","Sunday",1359,909,450,0,0,0,0,0,0,0,0,0,1340,0,19
"8/5/2006","Saturday",1381,822,559,0,0,0,0,0,0,0,0,0,1368,3,10
"8/4/2006","Friday",1855,1052,803,0,0,0,0,0,0,0,0,0,1782,7,66
"8/3/2006","Thursday",2272,1306,966,0,0,0,0,0,0,0,0,0,2167,15,90
"8/2/2006","Wednesday",2401,1362,1039,0,0,0,0,0,0,0,0,0,2273,14,114
"8/1/2006","Tuesday",2412,1435,977,0,0,0,0,0,0,0,0,0,2273,12,127
"7/31/2006","Monday",2711,1586,1125,0,0,0,0,0,0,0,0,0,2522,24,165
"7/30/2006","Sunday",1360,917,443,0,0,0,0,0,0,0,0,0,1345,0,15
"7/29/2006","Saturday",1289,753,536,0,0,0,0,0,0,0,0,0,1277,0,12
"7/28/2006","Friday",1783,1020,763,0,0,0,0,0,0,0,0,0,1678,24,81
"7/27/2006","Thursday",2017,1158,859,0,0,0,0,0,0,0,0,0,1888,24,105
"7/26/2006","Wednesday",2236,1270,966,0,0,0,0,0,0,0,0,0,2095,17,124
"7/25/2006","Tuesday",2275,1230,1045,0,0,0,0,0,0,0,0,0,2110,19,146
"7/24/2006","Monday",2575,1505,1070,0,0,0,0,0,0,0,0,0,2389,34,152
"7/23/2006","Sunday",1265,842,423,0,0,0,0,0,0,0,0,0,1245,0,20
"7/22/2006","Saturday",1324,797,527,0,0,0,0,0,0,0,0,0,1308,3,13
"7/21/2006","Friday",1866,1047,819,0,0,0,0,0,0,0,0,0,1791,3,72
"7/20/2006","Thursday",2097,1211,886,0,0,0,0,0,0,0,0,0,1991,6,100
"7/19/2006","Wednesday",2363,1381,982,0,0,0,0,0,0,0,0,0,2226,7,130
"7/18/2006","Tuesday",2462,1413,1049,0,0,0,0,0,0,0,0,0,2298,6,158
"7/17/2006","Monday",2723,1597,1126,0,0,0,0,0,0,0,0,0,2517,16,190
"7/16/2006","Sunday",1309,846,463,0,0,0,0,0,0,0,0,0,1294,0,15
"7/15/2006","Saturday",1306,776,530,0,0,0,0,0,0,0,0,0,1296,0,10
"7/14/2006","Friday",1948,1114,834,0,0,0,0,0,0,0,0,0,1859,1,88
"7/13/2006","Thursday",2188,1276,912,0,0,0,0,0,0,0,0,0,2050,13,125
"7/12/2006","Wednesday",2430,1464,966,0,0,0,0,0,0,0,0,0,2272,8,150
"7/11/2006","Tuesday",2671,1545,1126,0,0,0,0,0,0,0,0,0,2511,27,133
"7/10/2006","Monday",2859,1690,1169,0,0,0,0,0,0,0,0,0,2670,10,179
"7/9/2006","Sunday",1374,914,460,0,0,0,0,0,0,0,0,0,1353,0,21
"7/8/2006","Saturday",1492,883,609,0,0,0,0,0,0,0,0,0,1471,0,21
"7/7/2006","Friday",2184,1249,935,0,0,0,0,0,0,0,0,0,2079,10,95
"7/6/2006","Thursday",2393,1391,1002,0,0,0,0,0,0,0,0,0,2221,5,167
"7/5/2006","Wednesday",2489,1447,1042,0,0,0,0,0,0,0,0,0,2346,5,138
"7/4/2006","Tuesday",957,657,300,0,0,0,0,0,0,0,0,0,934,0,23
"7/3/2006","Monday",1885,1110,775,0,0,0,0,0,0,0,0,0,1774,2,109
"7/2/2006","Sunday",1067,707,360,0,0,0,0,0,0,0,0,0,1060,0,7
"7/1/2006","Saturday",1104,632,472,0,0,0,0,0,0,0,0,0,1096,0,8
"6/30/2006","Friday",1468,784,684,0,0,0,0,0,0,0,0,0,1368,9,91
"6/29/2006","Thursday",1716,971,745,0,0,0,0,0,0,0,0,0,1555,12,149
"6/28/2006","Wednesday",2052,1166,886,0,0,0,0,0,0,0,0,0,1882,6,164
"6/27/2006","Tuesday",2184,1248,936,0,0,0,0,0,0,0,0,0,1995,7,182
"6/26/2006","Monday",2284,1341,943,0,0,0,0,0,0,0,0,0,2089,6,189
"6/25/2006","Sunday",1068,730,338,0,0,0,0,0,0,0,0,0,1042,0,26
"6/24/2006","Saturday",1063,596,467,0,0,0,0,0,0,0,0,0,1053,1,9
"6/23/2006","Friday",1554,836,718,0,0,0,0,0,0,0,0,0,1463,4,87
"6/22/2006","Thursday",1882,1048,834,0,0,0,0,0,0,0,0,0,1743,4,135
"6/21/2006","Wednesday",1895,1116,779,0,0,0,0,0,0,0,0,0,1746,1,148
"6/20/2006","Tuesday",2060,1167,893,0,0,0,0,0,0,0,0,0,1898,3,159
"6/19/2006","Monday",2257,1315,942,0,0,0,0,0,0,0,0,0,2074,18,165
"6/18/2006","Sunday",913,609,304,0,0,0,0,0,0,0,0,0,902,0,11
"6/17/2006","Saturday",964,588,376,0,0,0,0,0,0,0,0,0,938,3,23
"6/16/2006","Friday",1480,825,655,0,0,0,0,0,0,0,0,0,1384,2,94
"6/15/2006","Thursday",1803,1030,773,0,0,0,0,0,0,0,0,0,1651,3,149
"6/14/2006","Wednesday",2073,1212,861,0,0,0,0,0,0,0,0,0,1878,7,188
"6/13/2006","Tuesday",2321,1346,975,0,0,0,0,0,0,0,0,0,2119,2,200
"6/12/2006","Monday",2439,1365,1074,0,0,0,0,0,0,0,0,0,2236,7,196
"6/11/2006","Sunday",1225,837,388,0,0,0,0,0,0,0,0,0,1203,0,22
"6/10/2006","Saturday",1194,685,509,0,0,0,0,0,0,0,0,0,1167,1,26
"6/9/2006","Friday",1814,1063,751,0,0,0,0,0,0,0,0,0,1669,3,142
"6/8/2006","Thursday",2089,1191,898,0,0,0,0,0,0,0,0,0,1897,5,187
"6/7/2006","Wednesday",2289,1288,1001,0,0,0,0,0,0,0,0,0,2059,16,214
"6/6/2006","Tuesday",2538,1469,1069,0,0,0,0,0,0,0,0,0,2270,24,244
"6/5/2006","Monday",2720,1583,1137,0,0,0,0,0,0,0,0,0,2454,2,264
"6/4/2006","Sunday",1418,917,501,0,0,0,0,0,0,0,0,0,1391,0,27
"6/3/2006","Saturday",1410,817,593,0,0,0,0,0,0,0,0,0,1375,0,35
"6/2/2006","Friday",1999,1138,861,0,0,0,0,0,0,0,0,0,1856,6,137
"6/1/2006","Thursday",2326,1329,997,0,0,0,0,0,0,0,0,0,2088,11,227
"5/31/2006","Wednesday",2409,1369,1040,0,0,0,0,0,0,0,0,0,2152,2,255
"5/30/2006","Tuesday",2544,1470,1074,0,0,0,0,0,0,0,0,0,2260,8,276
"5/29/2006","Monday",1194,780,414,0,0,0,0,0,0,0,0,0,1158,0,36
"5/28/2006","Sunday",749,460,289,0,0,0,0,0,0,0,0,0,730,0,19
"5/27/2006","Saturday",976,582,394,0,0,0,0,0,0,0,0,0,964,0,12
"5/26/2006","Friday",1572,857,715,0,0,0,0,0,0,0,0,0,1437,2,133
"5/25/2006","Thursday",1849,1031,818,0,0,0,0,0,0,0,0,0,1678,6,165
"5/24/2006","Wednesday",2214,1240,974,0,0,0,0,0,0,0,0,0,1982,9,223
"5/23/2006","Tuesday",2405,1363,1042,0,0,0,0,0,0,0,0,0,2168,6,231
"5/22/2006","Monday",2775,1645,1130,0,0,0,0,0,0,0,0,0,2482,16,277
"5/21/2006","Sunday",1347,899,448,0,0,0,0,0,0,0,0,0,1313,0,34
"5/20/2006","Saturday",1255,709,546,0,0,0,0,0,0,0,0,0,1220,1,34
"5/19/2006","Friday",1925,1093,832,0,0,0,0,0,0,0,0,0,1767,5,153
"5/18/2006","Thursday",2191,1270,921,0,0,0,0,0,0,0,0,0,1973,11,207
"5/17/2006","Wednesday",2466,1452,1014,0,0,0,0,0,0,0,0,0,2206,22,238
"5/16/2006","Tuesday",2671,1532,1139,0,0,0,0,0,0,0,0,0,2368,13,290
"5/15/2006","Monday",2777,1573,1204,0,0,0,0,0,0,0,0,0,2471,8,298
"5/14/2006","Sunday",1005,676,329,0,0,0,0,0,0,0,0,0,974,0,31
"5/13/2006","Saturday",1196,720,476,0,0,0,0,0,0,0,0,0,1160,0,36
"5/12/2006","Friday",1840,1018,822,0,0,0,0,0,0,0,0,0,1670,3,167
"5/11/2006","Thursday",2317,1365,952,0,0,0,0,0,0,0,0,0,2129,1,187
"5/10/2006","Wednesday",2581,1489,1092,0,0,0,0,0,0,0,0,0,2327,11,243
"5/9/2006","Tuesday",2623,1595,1028,0,0,0,0,0,0,0,0,0,2350,6,267
"5/8/2006","Monday",3064,1788,1276,0,0,0,0,0,0,0,0,0,2764,4,296
"5/7/2006","Sunday",1458,994,464,0,0,0,0,0,0,0,0,0,1426,1,31
"5/6/2006","Saturday",1483,888,595,0,0,0,0,0,0,0,0,0,1446,2,35
"5/5/2006","Friday",1989,1101,888,0,0,0,0,0,0,0,0,0,1805,7,177
"5/4/2006","Thursday",2562,1521,1041,0,0,0,0,0,0,0,0,0,2341,12,209
"5/3/2006","Wednesday",2827,1646,1181,0,0,0,0,0,0,0,0,0,2558,13,256
"5/2/2006","Tuesday",2992,1729,1263,0,0,0,0,0,0,0,0,0,2692,11,289
"5/1/2006","Monday",3108,1871,1237,0,0,0,0,0,0,0,0,0,2874,11,223
"4/30/2006","Sunday",1662,1085,577,0,0,0,0,0,0,0,0,0,1634,0,28
"4/29/2006","Saturday",1471,888,583,0,0,0,0,0,0,0,0,0,1438,1,32
"4/28/2006","Friday",2022,1176,846,0,0,0,0,0,0,0,0,0,1850,9,163
"4/27/2006","Thursday",2193,1289,904,0,0,0,0,0,0,0,0,0,2010,12,171
"4/26/2006","Wednesday",2411,1419,992,0,0,0,0,0,0,0,0,0,2192,14,205
"4/25/2006","Tuesday",2713,1604,1109,0,0,0,0,0,0,0,0,0,2462,8,243
"4/24/2006","Monday",2846,1744,1102,0,0,0,0,0,0,0,0,0,2605,19,222
"4/23/2006","Sunday",1463,1018,445,0,0,0,0,0,0,0,0,0,1437,1,25
"4/22/2006","Saturday",1396,835,561,0,0,0,0,0,0,0,0,0,1369,1,26
"4/21/2006","Friday",1909,1068,841,0,0,0,0,0,0,0,0,0,1768,5,136
"4/20/2006","Thursday",2230,1328,902,0,0,0,0,0,0,0,0,0,2038,11,181
"4/19/2006","Wednesday",2350,1368,982,0,0,0,0,0,0,0,0,0,2168,9,173
"4/18/2006","Tuesday",2560,1519,1041,0,0,0,0,0,0,0,0,0,2340,11,209
"4/17/2006","Monday",2621,1570,1051,0,0,0,0,0,0,0,0,0,2466,3,152
"4/16/2006","Sunday",718,529,189,0,0,0,0,0,0,0,0,0,709,1,8
"4/15/2006","Saturday",1025,632,393,0,0,0,0,0,0,0,0,0,1012,0,13
"4/14/2006","Friday",1488,871,617,0,0,0,0,0,0,0,0,0,1419,6,63
"4/13/2006","Thursday",1909,1189,720,0,0,0,0,0,0,0,0,0,1791,7,111
"4/12/2006","Wednesday",2459,1453,1006,0,0,0,0,0,0,0,0,0,2255,23,181
"4/11/2006","Tuesday",2574,1561,1013,0,0,0,0,0,0,0,0,0,2411,9,154
"4/10/2006","Monday",2781,1632,1149,0,0,0,0,0,0,0,0,0,2586,11,184
"4/9/2006","Sunday",1474,966,508,0,0,0,0,0,0,0,0,0,1461,0,13
"4/8/2006","Saturday",1549,947,602,0,0,0,0,0,0,0,0,0,1534,0,15
"4/7/2006","Friday",2146,1259,887,0,0,0,0,0,0,0,0,0,2017,15,114
"4/6/2006","Thursday",2481,1449,1032,0,0,0,0,0,0,0,0,0,2346,13,122
"4/5/2006","Wednesday",2737,1609,1128,0,0,0,0,0,0,0,0,0,2577,18,142
"4/4/2006","Tuesday",2871,1653,1218,0,0,0,0,0,0,0,0,0,2712,12,147
"4/3/2006","Monday",3199,1895,1304,0,0,0,0,0,0,0,0,0,3012,23,164
"4/2/2006","Sunday",1679,1100,579,0,0,0,0,0,0,0,0,0,1660,0,19
"4/1/2006","Saturday",1590,932,658,0,0,0,0,0,0,0,0,0,1576,0,14
"3/31/2006","Friday",1949,1102,847,0,0,0,0,0,0,0,0,0,1811,15,123
"3/30/2006","Thursday",2268,1362,906,0,0,0,0,0,0,0,0,0,2116,10,142
"3/29/2006","Wednesday",2492,1489,1003,0,0,0,0,0,0,0,0,0,2359,21,112
"3/28/2006","Tuesday",2712,1606,1106,0,0,0,0,0,0,0,0,0,2570,14,128
"3/27/2006","Monday",2999,1802,1197,0,0,0,0,0,0,0,0,0,2817,18,164
"3/26/2006","Sunday",1595,1029,566,0,0,0,0,0,0,0,0,0,1579,0,16
"3/25/2006","Saturday",1664,954,710,0,0,0,0,0,0,0,0,0,1640,0,24
"3/24/2006","Friday",2136,1200,936,0,0,0,0,0,0,0,0,0,2058,21,57
"3/23/2006","Thursday",2519,1410,1109,0,0,0,0,0,0,0,0,0,2397,21,101
"3/22/2006","Wednesday",2887,1647,1240,0,0,0,0,0,0,0,0,0,2736,8,143
"3/21/2006","Tuesday",3076,1859,1217,0,0,0,0,0,0,0,0,0,2921,14,141
"3/20/2006","Monday",3244,1926,1318,0,0,0,0,0,0,0,0,0,3109,13,122
"3/19/2006","Sunday",1878,1195,683,0,0,0,0,0,0,0,0,0,1864,1,13
"3/18/2006","Saturday",1783,1069,714,0,0,0,0,0,0,0,0,0,1762,3,18
"3/17/2006","Friday",2195,1214,981,0,0,0,0,0,0,0,0,0,2113,16,66
"3/16/2006","Thursday",2633,1532,1101,0,0,0,0,0,0,0,0,0,2531,9,93
"3/15/2006","Wednesday",3146,1914,1232,0,0,0,0,0,0,0,0,0,3014,14,118
"3/14/2006","Tuesday",3139,1816,1323,0,0,0,0,0,0,0,0,0,2999,16,124
"3/13/2006","Monday",3340,2000,1340,0,0,0,0,0,0,0,0,0,3176,14,150
"3/12/2006","Sunday",1886,1195,691,0,0,0,0,0,0,0,0,0,1867,0,19
"3/11/2006","Saturday",1893,1108,785,0,0,0,0,0,0,0,0,0,1874,4,15
"3/10/2006","Friday",2503,1438,1065,0,0,0,0,0,0,0,0,0,2414,9,80
"3/9/2006","Thursday",3098,1828,1270,0,0,0,0,0,0,0,0,0,2985,11,102
"3/8/2006","Wednesday",3310,1963,1347,0,0,0,0,0,0,0,0,0,3180,21,109
"3/7/2006","Tuesday",3715,2198,1517,0,0,0,0,0,0,0,0,0,3541,25,149
"3/6/2006","Monday",4059,2361,1698,0,0,0,0,0,0,0,0,0,3917,21,121
"3/5/2006","Sunday",2232,1438,794,0,0,0,0,0,0,0,0,0,2213,1,18
"3/4/2006","Saturday",2277,1331,946,0,0,0,0,0,0,0,0,0,2257,3,17
"3/3/2006","Friday",2918,1596,1322,0,0,0,0,0,0,0,0,0,2819,13,86
"3/2/2006","Thursday",3311,1996,1315,0,0,0,0,0,0,0,0,0,3185,12,114
"3/1/2006","Wednesday",3351,1964,1387,0,0,0,0,0,0,0,0,0,3241,20,90
"2/28/2006","Tuesday",3374,1984,1390,0,0,0,0,0,0,0,0,0,3262,21,91
"2/27/2006","Monday",3682,2204,1478,0,0,0,0,0,0,0,0,0,3560,25,97
"2/26/2006","Sunday",2217,1431,786,0,0,0,0,0,0,0,0,0,2201,1,15
"2/25/2006","Saturday",2024,1193,831,0,0,0,0,0,0,0,0,0,2008,1,15
"2/24/2006","Friday",2395,1325,1070,0,0,0,0,0,0,0,0,0,2311,20,64
"2/23/2006","Thursday",2947,1749,1198,0,0,0,0,0,0,0,0,0,2858,10,79
"2/22/2006","Wednesday",3077,1754,1323,0,0,0,0,0,0,0,0,0,2966,30,81
"2/21/2006","Tuesday",3287,1918,1369,0,0,0,0,0,0,0,0,0,3200,16,71
"2/20/2006","Monday",3250,1884,1366,0,0,0,0,0,0,0,0,0,3181,9,60
"2/19/2006","Sunday",1917,1185,732,0,0,0,0,0,0,0,0,0,1897,0,20
"2/18/2006","Saturday",1966,1128,838,0,0,0,0,0,0,0,0,0,1956,1,9
"2/17/2006","Friday",2528,1441,1087,0,0,0,0,0,0,0,0,0,2435,21,72
"2/16/2006","Thursday",2960,1698,1262,0,0,0,0,0,0,0,0,0,2860,14,86
"2/15/2006","Wednesday",3184,1869,1315,0,0,0,0,0,0,0,0,0,3070,25,89
"2/14/2006","Tuesday",2605,1500,1105,0,0,0,0,0,0,0,0,0,2542,12,51
"2/13/2006","Monday",3434,2010,1424,0,0,0,0,0,0,0,0,0,3342,18,74
"2/12/2006","Sunday",2040,1277,763,0,0,0,0,0,0,0,0,0,2021,1,18
"2/11/2006","Saturday",2098,1230,868,0,0,0,0,0,0,0,0,0,2087,2,9
"2/10/2006","Friday",2581,1435,1146,0,0,0,0,0,0,0,0,0,2524,16,41
"2/9/2006","Thursday",3092,1775,1317,0,0,0,0,0,0,0,0,0,2997,22,73
"2/8/2006","Wednesday",3240,1824,1416,0,0,0,0,0,0,0,0,0,3143,31,66
"2/7/2006","Tuesday",3705,2111,1594,0,0,0,0,0,0,0,0,0,3607,24,74
"2/6/2006","Monday",3853,2258,1595,0,0,0,0,0,0,0,0,0,3760,35,58
"2/5/2006","Sunday",1975,1229,746,0,0,0,0,0,0,0,0,0,1966,0,9
"2/4/2006","Saturday",2209,1323,886,0,0,0,0,0,0,0,0,0,2198,0,11
"2/3/2006","Friday",2870,1655,1215,0,0,0,0,0,0,0,0,0,2800,26,44
"2/2/2006","Thursday",3227,1790,1437,0,0,0,0,0,0,0,0,0,3121,24,82
"2/1/2006","Wednesday",3397,1963,1434,0,0,0,0,0,0,0,0,0,3310,19,68
"1/31/2006","Tuesday",3443,1978,1465,0,0,0,0,0,0,0,0,0,3362,22,59
"1/30/2006","Monday",3609,2089,1520,0,0,0,0,0,0,0,0,0,3518,25,66
"1/29/2006","Sunday",2250,1441,809,0,0,0,0,0,0,0,0,0,2236,0,14
"1/28/2006","Saturday",2077,1174,903,0,0,0,0,0,0,0,0,0,2051,0,26
"1/27/2006","Friday",2522,1468,1054,0,0,0,0,0,0,0,0,0,2471,8,43
"1/26/2006","Thursday",2933,1709,1224,0,0,0,0,0,0,0,0,0,2865,15,53
"1/25/2006","Wednesday",3259,1852,1407,0,0,0,0,0,0,0,0,0,3152,36,71
"1/24/2006","Tuesday",3381,1966,1415,0,0,0,0,0,0,0,0,0,3273,39,69
"1/23/2006","Monday",3698,2113,1585,0,0,0,0,0,0,0,0,0,3592,34,72
"1/22/2006","Sunday",2252,1467,785,0,0,0,0,0,0,0,0,0,2240,0,12
"1/21/2006","Saturday",2256,1325,931,0,0,0,0,0,0,0,0,0,2247,2,7
"1/20/2006","Friday",2807,1600,1207,0,0,0,0,0,0,0,0,0,2754,12,41
"1/19/2006","Thursday",3333,1994,1339,0,0,0,0,0,0,0,0,0,3253,25,55
"1/18/2006","Wednesday",3530,2046,1484,0,0,0,0,0,0,0,0,0,3440,32,58
"1/17/2006","Tuesday",3904,2278,1626,0,0,0,0,0,0,0,0,0,3807,25,72
"1/16/2006","Monday",3496,1983,1513,0,0,0,0,0,0,0,0,0,3453,17,26
"1/15/2006","Sunday",2347,1457,890,0,0,0,0,0,0,0,0,0,2328,2,17
"1/14/2006","Saturday",2577,1533,1044,0,0,0,0,0,0,0,0,0,2567,0,10
"1/13/2006","Friday",3172,1795,1377,0,0,0,0,0,0,0,0,0,3097,22,53
"1/12/2006","Thursday",3724,2220,1504,0,0,0,0,0,0,0,0,0,3609,46,69
"1/11/2006","Wednesday",4113,2417,1696,0,0,0,0,0,0,0,0,0,4003,41,69
"1/10/2006","Tuesday",4492,2676,1816,0,0,0,0,0,0,0,0,0,4385,39,68
"1/9/2006","Monday",4852,2936,1916,0,0,0,0,0,0,0,0,0,4742,36,74
"1/8/2006","Sunday",3051,1929,1122,0,0,0,0,0,0,0,0,0,3038,1,12
"1/7/2006","Saturday",3071,1834,1237,0,0,0,0,0,0,0,0,0,3056,0,15
"1/6/2006","Friday",3817,2167,1650,0,0,0,0,0,0,0,0,0,3717,43,57
"1/5/2006","Thursday",4277,2482,1795,0,0,0,0,0,0,0,0,0,4195,33,49
"1/4/2006","Wednesday",4800,2943,1857,0,0,0,0,0,0,0,0,0,4705,24,71
"1/3/2006","Tuesday",4965,3086,1879,0,0,0,0,0,0,0,0,0,4884,17,64
"1/2/2006","Monday",4005,2468,1537,0,0,0,0,0,0,0,0,0,3968,6,31
"1/1/2006","Sunday",1543,1211,332,0,0,0,0,0,0,0,0,0,1535,0,8
"12/31/2005","Saturday",1389,941,448,0,0,0,0,0,0,0,0,0,1387,0,2
"12/30/2005","Friday",2294,1379,915,0,0,0,0,0,0,0,0,0,2267,3,24
"12/29/2005","Thursday",2762,1625,1137,0,0,0,0,0,0,0,0,0,2724,4,34
"12/28/2005","Wednesday",2853,1686,1167,0,0,0,0,0,0,0,0,0,2794,3,56
"12/27/2005","Tuesday",2994,1684,1310,0,0,0,0,0,0,0,0,0,2940,4,50
"12/26/2005","Monday",1893,1004,889,0,0,0,0,0,0,0,0,0,1875,1,17
"12/25/2005","Sunday",229,229,0,0,0,0,0,0,0,0,0,0,228,0,1
"12/24/2005","Saturday",456,305,151,0,0,0,0,0,0,0,0,0,453,0,3
"12/23/2005","Friday",959,573,386,0,0,0,0,0,0,0,0,0,934,3,22
"12/22/2005","Thursday",1100,646,454,0,0,0,0,0,0,0,0,0,1057,6,37
"12/21/2005","Wednesday",1352,757,595,0,0,0,0,0,0,0,0,0,1299,5,48
"12/20/2005","Tuesday",1590,869,721,0,0,0,0,0,0,0,0,0,1521,5,64
"12/19/2005","Monday",1853,1065,788,0,0,0,0,0,0,0,0,0,1769,6,78
"12/18/2005","Sunday",928,643,285,0,0,0,0,0,0,0,0,0,917,0,11
"12/17/2005","Saturday",986,542,444,0,0,0,0,0,0,0,0,0,972,0,14
"12/16/2005","Friday",1398,739,659,0,0,0,0,0,0,0,0,0,1341,1,56
"12/15/2005","Thursday",1672,920,752,0,0,0,0,0,0,0,0,0,1592,7,73
"12/14/2005","Wednesday",1977,1083,894,0,0,0,0,0,0,0,0,0,1883,11,83
"12/13/2005","Tuesday",2290,1220,1070,0,0,0,0,0,0,0,0,0,2188,17,85
"12/12/2005","Monday",2577,1397,1180,0,0,0,0,0,0,0,0,0,2437,11,129
"12/11/2005","Sunday",1393,841,552,0,0,0,0,0,0,0,0,0,1371,1,21
"12/10/2005","Saturday",1403,720,683,0,0,0,0,0,0,0,0,0,1377,0,26
"12/9/2005","Friday",2275,1050,1225,0,0,0,0,0,0,0,0,0,2175,15,85
"12/8/2005","Thursday",1357,1357,0,0,0,0,0,0,0,0,0,0,1311,0,46
"12/7/2005","Wednesday",1828,1313,515,0,0,0,0,0,0,0,0,0,1751,8,69
"12/6/2005","Tuesday",2851,1555,1296,0,0,0,0,0,0,0,0,0,2729,11,111
"12/5/2005","Monday",3144,1756,1388,0,0,0,0,0,0,0,0,0,3001,11,132
"12/4/2005","Sunday",1871,1123,748,0,0,0,0,0,0,0,0,0,1839,0,32
"12/3/2005","Saturday",1779,954,825,0,0,0,0,0,0,0,0,0,1762,1,16
"12/2/2005","Friday",2304,1313,991,0,0,0,0,0,0,0,0,0,2211,8,85
"12/1/2005","Thursday",2780,1515,1265,0,0,0,0,0,0,0,0,0,2664,18,98
"11/30/2005","Wednesday",2869,1619,1250,0,0,0,0,0,0,0,0,0,2734,9,126
"11/29/2005","Tuesday",3149,1791,1358,0,0,0,0,0,0,0,0,0,3016,17,116
"11/28/2005","Monday",3536,2053,1483,0,0,0,0,0,0,0,0,0,3399,13,124
"11/27/2005","Sunday",1805,1154,651,0,0,0,0,0,0,0,0,0,1781,2,22
"11/26/2005","Saturday",1764,968,796,0,0,0,0,0,0,0,0,0,1743,1,20
"11/25/2005","Friday",1794,907,887,0,0,0,0,0,0,0,0,0,1774,0,20
"11/24/2005","Thursday",363,363,0,0,0,0,0,0,0,0,0,0,359,0,4
"11/23/2005","Wednesday",1716,935,781,0,0,0,0,0,0,0,0,0,1656,4,56
"11/22/2005","Tuesday",2369,1353,1016,0,0,0,0,0,0,0,0,0,2289,8,72
"11/21/2005","Monday",2956,1716,1240,0,0,0,0,0,0,0,0,0,2849,13,94
"11/20/2005","Sunday",1720,1128,592,0,0,0,0,0,0,0,0,0,1698,0,22
"11/19/2005","Saturday",1642,926,716,0,0,0,0,0,0,0,0,0,1610,1,31
"11/18/2005","Friday",2228,1210,1018,0,0,0,0,0,0,0,0,0,2145,16,67
"11/17/2005","Thursday",2705,1496,1209,0,0,0,0,0,0,0,0,0,2594,10,101
"11/16/2005","Wednesday",2868,1748,1120,0,0,0,0,0,0,0,0,0,2757,5,106
"11/15/2005","Tuesday",3167,1820,1347,0,0,0,0,0,0,0,0,0,3034,12,121
"11/14/2005","Monday",3528,2023,1505,0,0,0,0,0,0,0,0,0,3362,14,152
"11/13/2005","Sunday",1983,1287,696,0,0,0,0,0,0,0,0,0,1946,0,37
"11/12/2005","Saturday",2005,1141,864,0,0,0,0,0,0,0,0,0,1966,1,38
"11/11/2005","Friday",2400,1362,1038,0,0,0,0,0,0,0,0,0,2336,13,51
"11/10/2005","Thursday",2747,1619,1128,0,0,0,0,0,0,0,0,0,2652,12,83
"11/9/2005","Wednesday",3200,1827,1373,0,0,0,0,0,0,0,0,0,3052,23,125
"11/8/2005","Tuesday",3350,1886,1464,0,0,0,0,0,0,0,0,0,3210,27,113
"11/7/2005","Monday",3786,2153,1633,0,0,0,0,0,0,0,0,0,3634,18,134
"11/6/2005","Sunday",2235,1439,796,0,0,0,0,0,0,0,0,0,2198,1,36
"11/5/2005","Saturday",2036,1168,868,0,0,0,0,0,0,0,0,0,1987,0,49
"11/4/2005","Friday",2518,1390,1128,0,0,0,0,0,0,0,0,0,2425,18,75
"11/3/2005","Thursday",3102,1829,1273,0,0,0,0,0,0,0,0,0,2999,8,95
"11/2/2005","Wednesday",3402,1963,1439,0,0,0,0,0,0,0,0,0,3281,17,104
"11/1/2005","Tuesday",3319,1932,1387,0,0,0,0,0,0,0,0,0,3190,24,105
"10/31/2005","Monday",2232,1335,897,0,0,0,0,0,0,0,0,0,2122,21,89
"10/30/2005","Sunday",1519,999,520,0,0,0,0,0,0,0,0,0,1497,0,22
"10/29/2005","Saturday",1575,874,701,0,0,0,0,0,0,0,0,0,1550,0,25
"10/28/2005","Friday",1973,1066,907,0,0,0,0,0,0,0,0,0,1911,11,51
"10/27/2005","Thursday",2214,1187,1027,0,0,0,0,0,0,0,0,0,2145,14,55
"10/26/2005","Wednesday",2601,1485,1116,0,0,0,0,0,0,0,0,0,2511,16,74
"10/25/2005","Tuesday",2864,1642,1222,0,0,0,0,0,0,0,0,0,2729,37,98
"10/24/2005","Monday",3065,1793,1272,0,0,0,0,0,0,0,0,0,2954,28,83
"10/23/2005","Sunday",1571,975,596,0,0,0,0,0,0,0,0,0,1551,0,20
"10/22/2005","Saturday",1655,921,734,0,0,0,0,0,0,0,0,0,1634,1,20
"10/21/2005","Friday",2191,1222,969,0,0,0,0,0,0,1,0,1,2143,17,31
"10/20/2005","Thursday",2464,1417,1047,0,0,0,0,0,0,0,0,0,2387,22,55
"10/19/2005","Wednesday",2672,1529,1143,0,0,0,0,0,0,0,0,0,2581,17,74
"10/18/2005","Tuesday",3166,1921,1245,0,0,0,0,0,0,0,0,0,3061,31,74
"10/17/2005","Monday",3277,1893,1384,0,0,0,0,0,0,0,0,0,3202,20,55
"10/16/2005","Sunday",1754,1110,644,0,0,0,0,0,0,0,0,0,1731,1,22
"10/15/2005","Saturday",1690,1023,667,0,0,0,0,0,0,0,0,0,1672,0,18
"10/14/2005","Friday",2325,1358,967,0,0,0,0,0,0,0,0,0,2263,14,48
"10/13/2005","Thursday",2723,1648,1075,0,0,0,0,0,0,0,0,0,2643,24,56
"10/12/2005","Wednesday",3014,1729,1285,0,0,0,0,0,0,0,0,0,2924,26,64
"10/11/2005","Tuesday",3211,1851,1360,0,0,0,0,0,0,0,0,0,3102,24,85
"10/10/2005","Monday",3476,1971,1505,0,0,0,0,0,0,0,0,0,3373,37,66
"10/9/2005","Sunday",2033,1211,822,0,0,0,0,0,0,0,0,0,2024,0,9
"10/8/2005","Saturday",1892,1094,798,0,0,0,0,0,0,0,0,0,1876,2,14
"10/7/2005","Friday",2603,1537,1066,0,0,0,0,0,0,0,0,0,2558,10,35
"10/6/2005","Thursday",3001,1729,1272,0,0,0,0,0,0,0,0,0,2929,15,57
"10/5/2005","Wednesday",3092,1741,1351,0,0,0,0,0,0,0,0,0,3011,26,55
"10/4/2005","Tuesday",3383,1912,1471,0,0,0,0,0,0,0,0,0,3295,32,56
"10/3/2005","Monday",3636,2061,1575,0,0,0,0,0,0,0,0,0,3549,34,53
"10/2/2005","Sunday",1930,1195,735,0,0,0,0,0,0,0,0,0,1922,0,8
"10/1/2005","Saturday",1818,1052,766,0,0,0,0,0,0,0,0,0,1811,0,7
"9/30/2005","Friday",2255,1243,1012,0,0,0,0,0,0,0,0,0,2219,15,21
"9/29/2005","Thursday",2527,1385,1142,0,0,0,0,0,0,0,0,0,2455,17,55
"9/28/2005","Wednesday",2856,1638,1218,0,0,0,0,0,0,0,0,0,2783,18,55
"9/27/2005","Tuesday",2985,1713,1272,0,0,0,0,0,0,0,0,0,2910,27,48
"9/26/2005","Monday",3128,1853,1275,0,0,0,0,0,0,0,0,0,3039,33,56
"9/25/2005","Sunday",1750,1094,656,0,0,0,0,0,0,0,0,0,1736,9,5
"9/24/2005","Saturday",1669,975,694,0,0,0,0,0,0,0,0,0,1654,3,12
"9/23/2005","Friday",2007,1148,859,0,0,0,0,0,0,0,0,0,1970,15,22
"9/22/2005","Thursday",2350,1304,1046,0,0,0,0,0,0,0,0,0,2296,34,20
"9/21/2005","Wednesday",2707,1498,1209,0,0,0,0,0,0,0,0,0,2635,37,35
"9/20/2005","Tuesday",2936,1662,1274,0,0,0,0,0,0,0,0,0,2865,37,34
"9/19/2005","Monday",3313,1888,1425,0,0,0,0,0,0,0,0,0,3238,34,41
"9/18/2005","Sunday",1849,1215,634,0,0,0,0,0,0,0,0,0,1840,0,9
"9/17/2005","Saturday",1813,1101,712,0,0,0,0,0,0,0,0,0,1807,1,5
"9/16/2005","Friday",2363,1339,1024,0,0,0,0,0,0,0,0,0,2308,21,34
"9/15/2005","Thursday",2786,1621,1165,0,0,0,0,0,0,0,0,0,2708,40,38
"9/14/2005","Wednesday",2707,1440,1267,0,0,0,0,0,0,0,0,0,2656,22,29
"9/13/2005","Tuesday",2829,1426,1403,0,0,0,0,0,0,0,0,0,2766,34,29
"9/12/2005","Monday",3540,2086,1454,0,0,0,0,0,0,0,0,0,3467,28,45
"9/11/2005","Sunday",1989,1277,712,0,0,0,0,0,0,0,0,0,1987,2,0
"9/10/2005","Saturday",2044,1200,844,0,0,0,0,0,0,0,0,0,2036,0,8
"9/9/2005","Friday",2562,1363,1199,0,0,0,0,0,0,0,0,0,2510,30,22
"9/8/2005","Thursday",2930,1669,1261,0,0,0,0,0,0,0,0,0,2872,36,22
"9/7/2005","Wednesday",3108,1783,1325,0,0,0,0,0,0,0,0,0,3044,36,28
"9/6/2005","Tuesday",3091,1782,1309,0,0,0,0,0,0,0,0,0,3042,22,27
"9/5/2005","Monday",1700,1058,642,0,0,0,0,0,0,0,0,0,1687,8,5
"9/4/2005","Sunday",1215,751,464,0,0,0,0,0,0,0,0,0,1214,0,1
"9/3/2005","Saturday",1560,879,681,0,0,0,0,0,0,0,0,0,1553,2,5
"9/2/2005","Friday",1906,1011,895,0,0,0,0,0,0,0,0,0,1878,20,8
"9/1/2005","Thursday",2158,1191,967,0,0,0,0,0,0,0,0,0,2121,20,17
"8/31/2005","Wednesday",2234,1183,1051,0,0,0,0,0,0,0,0,0,2155,43,36
"8/30/2005","Tuesday",2279,1284,995,0,0,0,0,0,0,0,0,0,2220,27,32
"8/29/2005","Monday",2487,1399,1088,0,0,0,0,0,0,0,0,0,2410,36,41
"8/28/2005","Sunday",1299,828,471,0,0,0,0,0,0,0,0,0,1281,8,10
"8/27/2005","Saturday",1287,761,526,0,0,0,0,0,0,0,0,0,1284,0,3
"8/26/2005","Friday",1814,987,827,0,0,0,0,0,0,0,0,0,1737,53,24
"8/25/2005","Thursday",1909,1029,880,0,0,0,0,0,0,0,0,0,1850,21,38
"8/24/2005","Wednesday",2179,1210,969,0,0,0,0,0,0,0,0,0,2101,31,47
"8/23/2005","Tuesday",2334,1333,1001,0,0,0,0,0,0,0,0,0,2241,43,50
"8/22/2005","Monday",2482,1381,1101,0,0,0,0,0,0,0,0,0,2390,31,61
"8/21/2005","Sunday",1286,782,504,0,0,0,0,0,0,0,0,0,1274,1,11
"8/20/2005","Saturday",1267,680,587,0,0,0,0,0,0,0,0,0,1261,1,5
"8/19/2005","Friday",1899,1045,854,0,0,0,0,0,0,0,0,0,1846,16,37
"8/18/2005","Thursday",2085,1136,949,0,0,0,0,0,0,0,0,0,2012,20,53
"8/17/2005","Wednesday",2303,1231,1072,0,0,0,0,0,0,0,0,0,2194,33,76
"8/16/2005","Tuesday",2429,1375,1054,0,0,0,0,0,0,0,0,0,2324,27,78
"8/15/2005","Monday",2750,1507,1243,0,0,0,0,0,0,0,0,0,2640,26,84
"8/14/2005","Sunday",1384,857,527,0,0,0,0,0,0,0,0,0,1371,0,13
"8/13/2005","Saturday",1434,783,651,0,0,0,0,0,0,0,0,0,1426,2,6
"8/12/2005","Friday",1904,1010,894,0,0,0,0,0,0,0,0,0,1850,11,43
"8/11/2005","Thursday",2181,1254,927,0,0,0,0,0,0,0,0,0,2088,8,85
"8/10/2005","Wednesday",2323,1325,998,0,0,0,0,0,0,0,0,0,2239,10,74
"8/9/2005","Tuesday",2420,1396,1024,0,0,0,0,0,0,0,0,0,2311,14,95
"8/8/2005","Monday",2648,1466,1182,0,0,0,0,0,0,0,0,0,2506,29,113
"8/7/2005","Sunday",1268,764,504,0,0,0,0,0,0,0,0,0,1259,0,9
"8/6/2005","Saturday",1359,715,644,0,0,0,0,0,0,0,0,0,1347,1,11
"8/5/2005","Friday",1918,1058,860,0,0,0,0,0,0,0,0,0,1840,12,66
"8/4/2005","Thursday",2202,1191,1011,0,0,0,0,0,0,0,0,0,2105,9,88
"8/3/2005","Wednesday",2355,1265,1090,0,0,0,0,0,0,0,0,0,2218,24,113
"8/2/2005","Tuesday",2496,1397,1099,0,0,0,0,0,0,0,0,0,2349,8,139
"8/1/2005","Monday",2692,1449,1243,0,0,0,0,0,0,0,0,0,2525,5,162
"7/31/2005","Sunday",1202,736,466,0,0,0,0,0,0,0,0,0,1180,1,21
"7/30/2005","Saturday",1213,652,561,0,0,0,0,0,0,0,0,0,1199,0,14
"7/29/2005","Friday",1699,898,801,0,0,0,0,0,0,0,0,0,1598,7,94
"7/28/2005","Thursday",1964,1067,897,0,0,0,0,0,0,0,0,0,1836,12,116
"7/27/2005","Wednesday",2083,1124,959,0,0,0,0,0,0,0,0,0,1949,14,120
"7/26/2005","Tuesday",2199,1150,1049,0,0,0,0,0,0,0,0,0,2066,2,131
"7/25/2005","Monday",2489,1314,1175,0,0,0,0,0,0,0,0,0,2277,18,194
"7/24/2005","Sunday",1113,664,449,0,0,0,0,0,0,0,0,0,1086,0,27
"7/23/2005","Saturday",1183,650,533,0,0,0,0,0,0,0,0,0,1174,0,9
"7/22/2005","Friday",1787,900,887,0,0,0,0,0,0,0,0,0,1701,12,74
"7/21/2005","Thursday",2126,1123,1003,0,0,0,0,0,0,0,0,0,1969,13,144
"7/20/2005","Wednesday",2185,1159,1026,0,0,0,0,0,0,0,0,0,2027,4,154
"7/19/2005","Tuesday",2463,1374,1089,0,0,0,0,0,0,0,0,0,2269,12,182
"7/18/2005","Monday",2716,1473,1243,0,0,0,0,0,0,0,0,0,2519,13,184
"7/17/2005","Sunday",1351,844,507,0,0,0,0,0,0,0,0,0,1334,0,17
"7/16/2005","Saturday",1357,741,616,0,0,0,0,0,0,0,0,0,1337,0,20
"7/15/2005","Friday",1957,1040,917,0,0,0,0,0,0,0,0,0,1862,4,91
"7/14/2005","Thursday",2163,1145,1018,0,0,0,0,0,0,0,0,0,2026,4,133
"7/13/2005","Wednesday",2312,1242,1070,0,0,0,0,0,0,0,0,0,2153,13,146
"7/12/2005","Tuesday",2591,1415,1176,0,0,0,0,0,0,0,0,0,2426,14,151
"7/11/2005","Monday",2634,1383,1251,0,0,0,0,0,0,0,0,0,2429,9,196
"7/10/2005","Sunday",1283,782,501,0,0,0,0,0,0,0,0,0,1263,0,20
"7/9/2005","Saturday",1389,765,624,0,0,0,0,0,0,0,0,0,1378,0,11
"7/8/2005","Friday",2006,1041,965,0,0,0,0,0,0,0,0,0,1884,1,121
"7/7/2005","Thursday",2365,1275,1090,0,0,0,0,0,0,0,0,0,2220,5,140
"7/6/2005","Wednesday",2516,1332,1184,0,0,0,0,0,0,0,0,0,2332,21,163
"7/5/2005","Tuesday",2528,1358,1170,0,0,0,0,0,0,0,0,0,2340,3,185
"7/4/2005","Monday",769,503,266,0,0,0,0,0,0,0,0,0,754,0,15
"7/3/2005","Sunday",723,410,313,0,0,0,0,0,0,0,0,0,718,0,5
"7/2/2005","Saturday",1072,589,483,0,0,0,0,0,0,0,0,0,1057,0,15
"7/1/2005","Friday",1517,777,740,0,0,0,0,0,0,0,0,0,1405,4,108
"6/30/2005","Thursday",1734,945,789,0,0,0,0,0,0,0,0,0,1593,6,135
"6/29/2005","Wednesday",1815,805,1010,0,0,0,0,0,0,0,0,0,1655,8,152
"6/28/2005","Tuesday",2035,1105,930,0,0,0,0,0,0,0,0,0,1843,12,180
"6/27/2005","Monday",2337,1258,1079,0,0,0,0,0,0,0,0,0,2122,4,211
"6/26/2005","Sunday",1052,642,410,0,0,0,0,0,0,0,0,0,1026,0,26
"6/25/2005","Saturday",998,515,483,0,0,0,0,0,0,0,0,0,985,0,13
"6/24/2005","Friday",1557,783,774,0,0,0,0,0,0,0,0,0,1430,4,123
"6/23/2005","Thursday",1585,648,937,0,0,0,0,0,0,0,0,0,1404,27,154
"6/22/2005","Wednesday",1921,1014,907,0,0,0,0,0,0,0,0,0,1724,16,181
"6/21/2005","Tuesday",2074,1078,996,0,0,0,0,0,0,0,0,0,1874,3,197
"6/20/2005","Monday",2254,1197,1057,0,0,0,0,0,0,0,0,0,2069,8,177
"6/19/2005","Sunday",891,544,347,0,0,0,0,0,0,0,0,0,875,0,16
"6/18/2005","Saturday",916,476,440,0,0,0,0,0,0,0,0,0,905,0,11
"6/17/2005","Friday",1498,753,745,0,0,0,0,0,0,0,0,0,1399,4,95
"6/16/2005","Thursday",1812,922,890,0,0,0,0,0,0,0,0,0,1659,5,148
"6/15/2005","Wednesday",2087,1107,980,0,0,0,0,0,0,0,0,0,1924,9,154
"6/14/2005","Tuesday",2254,1173,1081,0,0,0,0,0,0,0,0,0,2035,8,211
"6/13/2005","Monday",2417,1288,1129,0,0,0,0,0,0,0,0,0,2202,0,215
"6/12/2005","Sunday",1144,716,428,0,0,0,0,0,0,0,0,0,1117,0,27
"6/11/2005","Saturday",1160,598,562,0,0,0,0,0,0,0,0,0,1134,0,26
"6/10/2005","Friday",1814,936,878,0,0,0,0,0,0,0,0,0,1640,27,147
"6/9/2005","Thursday",2052,1048,1004,0,0,0,0,0,0,0,0,0,1898,6,148
"6/8/2005","Wednesday",2151,1155,996,0,0,0,0,0,0,0,0,0,1943,11,197
"6/7/2005","Tuesday",2409,1276,1133,0,0,0,0,0,0,0,0,0,2163,7,239
"6/6/2005","Monday",2607,1333,1274,0,0,0,0,0,0,0,0,0,2352,6,249
"6/5/2005","Sunday",1250,725,525,0,0,0,0,0,0,0,0,0,1225,0,25
"6/4/2005","Saturday",1392,718,674,0,0,0,0,0,0,0,0,0,1354,0,38
"6/3/2005","Friday",2008,994,1014,0,0,0,0,0,0,0,0,0,1853,4,151
"6/2/2005","Thursday",2401,1242,1159,0,0,0,0,0,0,0,0,0,2172,1,228
"6/1/2005","Wednesday",2634,1325,1309,0,0,0,0,0,0,0,0,0,2372,17,245
"5/31/2005","Tuesday",2620,1230,1390,0,0,0,0,0,0,0,0,0,2333,4,283
"5/30/2005","Monday",1157,695,462,0,0,0,0,0,0,0,0,0,1113,0,44
"5/29/2005","Sunday",788,458,330,0,0,0,0,0,0,0,0,0,771,0,17
"5/28/2005","Saturday",985,490,495,0,0,0,0,0,0,0,0,0,957,1,27
"5/27/2005","Friday",1453,733,720,0,0,0,0,0,0,0,0,0,1322,1,130
"5/26/2005","Thursday",1982,1064,918,0,0,0,0,0,0,0,0,0,1788,3,191
"5/25/2005","Wednesday",2180,1169,1011,0,0,0,0,0,0,0,0,0,1937,4,239
"5/24/2005","Tuesday",2432,1260,1172,0,0,0,0,0,0,0,0,0,2167,4,261
"5/23/2005","Monday",2571,1315,1256,0,0,0,0,0,0,0,0,0,2281,9,281
"5/22/2005","Sunday",1264,790,474,0,0,0,0,0,0,0,0,0,1218,0,46
"5/21/2005","Saturday",1198,634,564,0,0,0,0,0,0,0,0,0,1160,0,38
"5/20/2005","Friday",1742,836,906,0,0,0,0,0,0,0,0,0,1569,3,170
"5/19/2005","Thursday",2103,1067,1036,0,0,0,0,0,0,0,0,0,1863,1,239
"5/18/2005","Wednesday",2382,1295,1087,0,0,0,0,0,0,0,0,0,2137,6,239
"5/17/2005","Tuesday",2620,1363,1257,0,0,0,0,0,0,0,0,0,2299,8,313
"5/16/2005","Monday",2884,1529,1355,0,0,0,0,0,0,0,0,0,2584,7,293
"5/15/2005","Sunday",1375,817,558,0,0,0,0,0,0,0,0,0,1340,0,35
"5/14/2005","Saturday",1331,681,650,0,0,0,0,0,0,0,0,0,1298,0,33
"5/13/2005","Friday",2052,1049,1003,0,0,0,0,0,0,0,0,0,1861,3,188
"5/12/2005","Thursday",2477,1274,1203,0,0,0,0,0,0,0,0,0,2221,16,240
"5/11/2005","Wednesday",2656,1402,1254,0,0,0,0,0,0,0,0,0,2388,4,264
"5/10/2005","Tuesday",2597,1210,1387,0,0,0,0,0,0,0,0,0,2355,6,236
"5/9/2005","Monday",3029,1661,1368,0,0,0,0,0,0,0,0,0,2732,9,288
"5/8/2005","Sunday",1046,685,361,0,0,0,0,0,0,0,0,0,1015,0,31
"5/7/2005","Saturday",1195,616,579,0,0,0,0,0,0,0,0,0,1172,0,23
"5/6/2005","Friday",1938,994,944,0,0,0,0,0,0,0,0,0,1784,6,148
"5/5/2005","Thursday",2479,1299,1180,0,0,0,0,0,0,0,0,0,2273,7,199
"5/4/2005","Wednesday",2680,1435,1245,0,0,0,0,0,0,0,0,0,2415,9,256
"5/3/2005","Tuesday",2945,1551,1394,0,0,0,0,0,0,0,0,0,2665,12,268
"5/2/2005","Monday",3365,1785,1580,0,0,0,0,0,0,0,0,0,3054,6,305
"5/1/2005","Sunday",1571,949,622,0,0,0,0,0,0,0,0,0,1546,0,25
"4/30/2005","Saturday",1498,805,693,0,0,0,0,0,0,0,0,0,1477,1,20
"4/29/2005","Friday",2030,1055,975,0,0,0,0,0,0,0,0,0,1872,14,144
"4/28/2005","Thursday",2226,1002,1224,0,0,0,0,0,0,0,0,0,2003,15,208
"4/27/2005","Wednesday",2676,1379,1297,0,0,0,0,0,0,0,0,0,2424,19,233
"4/26/2005","Tuesday",2691,1404,1287,0,0,0,0,0,0,0,0,0,2452,17,222
"4/25/2005","Monday",2931,1562,1369,0,0,0,0,0,0,0,0,0,2695,10,226
"4/24/2005","Sunday",1544,969,575,0,0,0,0,0,0,0,0,0,1515,0,29
"4/23/2005","Saturday",1451,785,666,0,0,0,0,0,0,0,0,0,1425,0,26
"4/22/2005","Friday",2037,894,1143,0,0,0,0,0,0,0,0,0,1894,3,140
"4/21/2005","Thursday",2451,1267,1184,0,0,0,0,0,0,0,0,0,2239,5,207
"4/20/2005","Wednesday",2555,1330,1225,0,0,0,0,0,0,0,0,0,2327,12,216
"4/19/2005","Tuesday",2617,1373,1244,0,0,0,0,0,0,0,0,0,2399,13,205
"4/18/2005","Monday",2925,1596,1329,0,0,0,0,0,0,0,0,0,2704,10,211
"4/17/2005","Sunday",1351,787,564,0,0,0,0,0,0,0,0,0,1337,0,14
"4/16/2005","Saturday",1359,668,691,0,0,0,0,0,0,0,0,0,1350,0,9
"4/15/2005","Friday",2065,1090,975,0,0,0,0,0,0,0,0,0,1936,4,125
"4/14/2005","Thursday",2525,1260,1265,0,0,0,0,0,0,0,0,0,2321,15,189
"4/13/2005","Wednesday",2788,1426,1362,0,0,0,0,0,0,0,0,0,2608,18,162
"4/12/2005","Tuesday",2996,1523,1473,0,0,0,0,0,0,0,0,0,2792,16,188
"4/11/2005","Monday",3322,1749,1573,0,0,0,0,0,0,0,0,0,3105,14,203
"4/10/2005","Sunday",1612,940,672,0,0,0,0,0,0,0,0,0,1591,0,21
"4/9/2005","Saturday",1498,775,723,0,0,0,0,0,0,0,0,0,1473,1,24
"4/8/2005","Friday",2220,1115,1105,0,0,0,0,0,0,0,0,0,2087,15,118
"4/7/2005","Thursday",2885,1378,1507,0,0,0,0,0,0,0,0,0,2690,13,182
"4/6/2005","Wednesday",2871,1455,1416,0,0,0,0,0,0,0,0,0,2682,15,174
"4/5/2005","Tuesday",3157,1556,1601,0,0,0,0,0,0,0,0,0,2974,17,166
"4/4/2005","Monday",3378,1680,1698,0,0,0,0,0,0,0,0,0,3194,21,163
"4/3/2005","Sunday",1733,953,780,0,0,0,0,0,0,0,0,0,1724,0,9
"4/2/2005","Saturday",1808,925,883,0,0,0,0,0,0,0,0,0,1790,0,18
"4/1/2005","Friday",2214,1048,1166,0,0,0,0,0,0,0,0,0,2119,9,86
"3/31/2005","Thursday",2476,1216,1260,0,0,0,0,0,0,0,0,0,2314,11,151
"3/30/2005","Wednesday",2389,1192,1197,0,0,0,0,0,0,0,0,0,2226,16,147
"3/29/2005","Tuesday",2636,1283,1353,0,0,0,0,0,0,0,0,0,2488,9,139
"3/28/2005","Monday",2872,1412,1460,0,0,0,0,0,0,0,0,0,2713,16,143
"3/27/2005","Sunday",706,473,233,0,0,0,0,0,0,0,0,0,699,0,7
"3/26/2005","Saturday",1114,571,543,0,0,0,0,0,0,0,0,0,1101,0,13
"3/25/2005","Friday",1646,833,813,0,0,0,0,0,0,0,0,0,1595,11,40
"3/24/2005","Thursday",2091,1049,1042,0,0,0,0,0,0,0,0,0,1989,15,87
"3/23/2005","Wednesday",2351,1156,1195,0,0,0,0,0,0,0,0,0,2233,7,111
"3/22/2005","Tuesday",2706,1343,1363,0,0,0,0,0,0,0,0,0,2546,16,144
"3/21/2005","Monday",3021,1511,1510,0,0,0,0,0,0,0,0,0,2869,17,135
"3/20/2005","Sunday",1550,924,626,0,0,0,0,0,0,0,0,0,1534,0,16
"3/19/2005","Saturday",1671,817,854,0,0,0,0,0,0,0,0,0,1645,0,26
"3/18/2005","Friday",2174,1018,1156,0,0,0,0,0,0,0,0,0,2078,12,84
"3/17/2005","Thursday",2662,1280,1382,0,0,0,0,0,0,0,0,0,2517,6,139
"3/16/2005","Wednesday",2868,1447,1421,0,0,0,0,0,0,0,0,0,2745,15,108
"3/15/2005","Tuesday",3143,1536,1607,0,0,0,0,0,0,0,0,0,3005,15,123
"3/14/2005","Monday",3496,1765,1731,0,0,0,0,0,0,0,0,0,3312,17,167
"3/13/2005","Sunday",1749,983,766,0,0,0,0,0,0,0,0,0,1733,1,15
"3/12/2005","Saturday",1994,998,996,0,0,0,0,0,0,0,0,0,1974,0,20
"3/11/2005","Friday",2635,1316,1319,0,0,0,0,0,0,0,0,0,2503,13,119
"3/10/2005","Thursday",2782,969,1813,0,0,0,0,0,0,0,0,0,2671,12,99
"3/9/2005","Wednesday",3229,1631,1598,0,0,0,0,0,0,0,0,0,3086,13,130
"3/8/2005","Tuesday",3540,1738,1802,0,0,0,0,0,0,0,0,0,3404,19,117
"3/7/2005","Monday",4004,2015,1989,0,0,0,0,0,0,0,0,0,3834,42,128
"3/6/2005","Sunday",2189,1235,954,0,0,0,0,0,0,0,0,0,2177,0,12
"3/5/2005","Saturday",2300,1199,1101,0,0,0,0,0,0,0,0,0,2283,0,17
"3/4/2005","Friday",2877,1438,1439,0,0,0,0,0,0,0,0,0,2791,15,71
"3/3/2005","Thursday",3489,1730,1759,0,0,0,0,0,0,0,0,0,3366,24,99
"3/2/2005","Wednesday",3692,1903,1789,0,0,0,0,0,0,0,0,0,3552,25,115
"3/1/2005","Tuesday",3856,1985,1871,0,0,0,0,0,0,0,0,0,3728,17,111
"2/28/2005","Monday",3738,1935,1803,0,0,0,0,0,0,0,0,0,3617,18,103
"2/27/2005","Sunday",2249,1296,953,0,0,0,0,0,0,0,0,0,2234,0,15
"2/26/2005","Saturday",2143,1087,1056,0,0,0,0,0,0,0,0,0,2121,1,21
"2/25/2005","Friday",2727,1292,1435,0,0,0,0,0,0,0,0,0,2654,11,62
"2/24/2005","Thursday",3016,1460,1556,0,0,0,0,0,0,0,0,0,2915,13,88
"2/23/2005","Wednesday",3295,1663,1632,0,0,0,0,0,0,0,0,0,3173,28,94
"2/22/2005","Tuesday",3325,1664,1661,0,0,0,0,0,0,0,0,0,3226,14,85
"2/21/2005","Monday",3345,1659,1686,0,0,0,0,0,0,0,0,0,3273,13,59
"2/20/2005","Sunday",1845,1009,836,0,0,0,0,0,0,0,0,0,1827,0,18
"2/19/2005","Saturday",2027,994,1033,0,0,0,0,0,0,0,0,0,2009,0,18
"2/18/2005","Friday",2669,1269,1400,0,0,0,0,0,0,0,0,0,2595,16,58
"2/17/2005","Thursday",3177,1537,1640,0,0,0,0,0,0,0,0,0,3070,17,90
"2/16/2005","Wednesday",3259,1591,1668,0,0,0,0,0,0,0,0,0,3139,28,92
"2/15/2005","Tuesday",3538,1721,1817,0,0,0,0,0,0,0,0,0,3413,20,105
"2/14/2005","Monday",3121,1504,1617,0,0,0,0,0,0,0,0,0,3021,18,82
"2/13/2005","Sunday",2007,1076,931,0,0,0,0,0,0,0,0,0,1993,0,14
"2/12/2005","Saturday",2155,1042,1113,0,0,0,0,0,0,0,0,0,2138,0,17
"2/11/2005","Friday",2687,1253,1434,0,0,0,0,0,0,0,0,0,2603,27,57
"2/10/2005","Thursday",3252,1282,1970,0,0,0,0,0,0,0,0,0,3158,14,80
"2/9/2005","Wednesday",3341,1389,1952,0,0,0,0,0,0,0,0,0,3252,19,70
"2/8/2005","Tuesday",3775,1473,2302,0,0,0,0,0,0,0,0,0,3677,24,74
"2/7/2005","Monday",4026,1577,2449,0,0,0,0,0,0,0,0,0,3895,32,99
"2/6/2005","Sunday",2068,935,1133,0,0,0,0,0,0,0,0,0,2059,0,9
"2/5/2005","Saturday",2417,931,1486,0,0,0,0,0,0,0,0,0,2398,0,19
"2/4/2005","Friday",2865,1171,1694,0,0,0,0,0,0,0,0,0,2805,10,50
"2/3/2005","Thursday",3647,1355,2292,0,0,0,0,0,0,0,0,0,3526,43,78
"2/2/2005","Wednesday",3481,1461,2020,0,0,0,0,0,0,0,0,0,3404,16,61
"2/1/2005","Tuesday",3901,1592,2309,0,0,0,0,0,0,0,0,0,3804,22,75
"1/31/2005","Monday",4115,1668,2447,0,0,0,0,0,0,0,0,0,4003,25,87
"1/30/2005","Sunday",2315,1032,1283,0,0,0,0,0,0,0,0,0,2307,0,8
"1/29/2005","Saturday",2201,846,1355,0,0,0,0,0,0,0,0,0,2192,0,9
"1/28/2005","Friday",2569,1029,1540,0,0,0,0,0,0,0,0,0,2507,23,39
"1/27/2005","Thursday",3181,1156,2025,0,0,0,0,0,0,0,0,0,3092,25,64
"1/26/2005","Wednesday",3387,1405,1982,0,0,0,0,0,0,0,0,0,3303,13,71
"1/25/2005","Tuesday",3563,1447,2116,0,0,0,0,0,0,0,0,0,3475,20,68
"1/24/2005","Monday",3867,1471,2396,0,0,0,0,0,0,0,0,0,3769,34,64
"1/23/2005","Sunday",2126,984,1142,0,0,0,0,0,0,0,0,0,2118,0,8
"1/22/2005","Saturday",2194,945,1249,0,0,0,0,0,0,0,0,0,2189,0,5
"1/21/2005","Friday",2604,1059,1545,0,0,0,0,0,0,0,0,0,2551,15,38
"1/20/2005","Thursday",3436,1343,2093,0,0,0,0,0,0,0,0,0,3364,25,47
"1/19/2005","Wednesday",3596,1448,2148,0,0,0,0,0,0,0,0,0,3503,14,79
"1/18/2005","Tuesday",3952,1577,2375,0,0,0,0,0,0,0,0,0,3862,25,65
"1/17/2005","Monday",3892,1569,2323,0,0,0,0,0,0,0,0,0,3850,14,28
"1/16/2005","Sunday",2281,1067,1214,0,0,0,0,0,0,0,0,0,2269,0,12
"1/15/2005","Saturday",2504,981,1523,0,0,0,0,0,0,0,0,0,2496,0,8
"1/14/2005","Friday",3276,1338,1938,0,0,0,0,0,0,0,0,0,3200,22,54
"1/13/2005","Thursday",3937,1558,2379,0,0,0,0,0,0,0,0,0,3830,45,62
"1/12/2005","Wednesday",4286,1718,2568,0,0,0,0,0,0,0,0,0,4161,32,93
"1/11/2005","Tuesday",4658,1839,2819,0,0,0,0,0,0,0,0,0,4542,37,79
"1/10/2005","Monday",5161,2153,3008,0,0,0,0,0,0,0,0,0,5065,21,75
"1/9/2005","Sunday",2965,1382,1583,0,0,0,0,0,0,0,0,0,2956,0,9
"1/8/2005","Saturday",3179,1289,1890,0,0,0,0,0,0,0,0,0,3159,0,20
"1/7/2005","Friday",3824,1624,2200,0,0,0,0,0,0,0,0,0,3749,31,44
"1/6/2005","Thursday",4522,1886,2636,0,0,0,0,0,0,0,0,0,4431,26,65
"1/5/2005","Wednesday",4992,2223,2769,0,0,0,0,0,0,0,0,0,4892,28,72
"1/4/2005","Tuesday",5066,2451,2615,0,0,0,0,0,0,0,0,0,4970,28,68
"1/3/2005","Monday",5563,2318,3245,0,0,0,0,0,0,0,0,0,5502,11,50
"1/2/2005","Sunday",2985,1322,1663,0,0,0,0,0,0,0,0,0,2972,0,13
"1/1/2005","Saturday",1432,708,724,0,0,0,0,0,0,0,0,0,1430,0,2
"12/31/2004","Friday",1527,612,915,0,0,0,0,0,0,0,0,0,1519,2,6
"12/30/2004","Thursday",2568,914,1654,0,0,0,0,0,0,0,0,0,2555,1,12
"12/29/2004","Wednesday",2804,1009,1795,0,0,0,0,0,0,0,0,0,2750,6,48
"12/28/2004","Tuesday",2952,899,2053,0,0,0,0,0,0,0,0,0,2877,4,71
"12/27/2004","Monday",3053,1142,1911,0,0,0,0,0,0,0,0,0,2995,4,54
"12/26/2004","Sunday",1185,503,682,0,0,0,0,0,0,0,0,0,1180,0,5
"12/25/2004","Saturday",159,159,0,0,0,0,0,0,0,0,0,0,157,0,2
"12/24/2004","Friday",415,154,261,0,0,0,0,0,0,0,0,0,410,0,5
"12/23/2004","Thursday",983,358,625,0,0,0,0,0,0,0,0,0,959,1,23
"12/22/2004","Wednesday",1002,520,482,0,0,0,0,0,0,0,0,0,965,1,36
"12/21/2004","Tuesday",1516,582,934,0,0,0,0,0,0,0,0,0,1461,4,51
"12/20/2004","Monday",1667,613,1054,0,0,0,0,0,0,0,0,0,1563,28,76
"12/19/2004","Sunday",877,382,495,0,0,0,0,0,0,0,0,0,864,0,13
"12/18/2004","Saturday",1013,378,635,0,0,0,0,0,0,0,0,0,1000,0,13
"12/17/2004","Friday",1391,480,911,0,0,0,0,0,0,0,0,0,1328,5,58
"12/16/2004","Thursday",1735,629,1106,0,0,0,0,0,0,0,0,0,1664,16,55
"12/15/2004","Wednesday",1957,656,1301,0,0,0,0,0,0,0,0,0,1855,7,95
"12/14/2004","Tuesday",2455,696,1759,0,0,0,0,0,0,0,0,0,2334,14,107
"12/13/2004","Monday",2316,629,1687,0,0,0,0,0,0,0,0,0,2193,11,112
"12/12/2004","Sunday",1229,566,663,0,0,0,0,0,0,0,0,0,1205,0,24
"12/11/2004","Saturday",1288,459,829,0,0,0,0,0,0,0,0,0,1264,0,24
"12/10/2004","Friday",1900,672,1228,0,0,0,0,0,0,0,0,0,1834,8,58
"12/9/2004","Thursday",2247,773,1474,0,0,0,0,0,0,0,0,0,2128,11,108
"12/8/2004","Wednesday",2524,869,1655,0,0,0,0,0,0,0,0,0,2407,12,105
"12/7/2004","Tuesday",2894,1069,1825,0,0,0,0,0,0,0,0,0,2767,16,111
"12/6/2004","Monday",3718,1683,2035,0,0,0,0,0,0,0,0,0,3582,15,121
"12/5/2004","Sunday",1942,942,1000,0,0,0,0,0,0,0,0,0,1920,0,22
"12/4/2004","Saturday",1752,757,995,0,0,0,0,0,0,0,0,0,1728,0,24
"12/3/2004","Friday",2271,1042,1229,0,0,0,0,0,0,0,0,0,2177,16,78
"12/2/2004","Thursday",2646,1297,1349,0,0,0,0,0,0,0,0,0,2561,12,73
"12/1/2004","Wednesday",2754,1290,1464,0,0,0,0,0,0,0,0,0,2658,15,81
"11/30/2004","Tuesday",2657,1280,1377,0,0,0,0,0,0,0,0,0,2577,12,68
"11/29/2004","Monday",2777,1348,1429,0,0,0,0,0,0,0,0,0,2660,16,101
"11/28/2004","Sunday",1335,761,574,0,0,0,0,0,0,0,0,0,1328,0,7
"11/27/2004","Saturday",1158,589,569,0,0,0,0,0,0,0,0,0,1151,0,7
"11/26/2004","Friday",1067,492,575,0,0,0,0,0,0,0,0,0,1059,0,8
"11/25/2004","Thursday",227,227,0,0,0,0,0,0,0,0,0,0,227,0,0
"11/24/2004","Wednesday",1023,515,508,0,0,0,0,0,0,0,0,0,989,10,24
"11/23/2004","Tuesday",1317,655,662,0,0,0,0,0,0,0,0,0,1261,8,48
"11/22/2004","Monday",1665,837,828,0,0,0,0,0,0,0,0,0,1607,17,41
"11/21/2004","Sunday",848,473,375,0,0,0,0,0,0,0,0,0,838,0,10
"11/20/2004","Saturday",826,434,392,0,0,0,0,0,0,0,0,0,817,0,9
"11/19/2004","Friday",1061,524,537,0,0,0,0,0,0,0,0,0,1002,14,45
"11/18/2004","Thursday",1128,571,557,0,0,0,0,0,0,0,0,0,1073,13,42
"11/17/2004","Wednesday",1276,622,654,0,0,0,0,0,0,0,0,0,1230,11,35
"11/16/2004","Tuesday",1314,648,666,0,0,0,0,0,0,0,0,0,1238,21,55
"11/15/2004","Monday",1020,462,558,0,0,0,0,0,0,0,0,0,972,18,30
"11/14/2004","Sunday",680,411,269,0,0,0,0,0,0,0,0,0,671,0,9
"11/13/2004","Saturday",563,305,258,0,0,0,0,0,0,0,0,0,557,0,6
"11/12/2004","Friday",824,378,446,0,0,0,0,0,0,0,0,0,781,11,32
"11/11/2004","Thursday",865,421,444,0,0,0,0,0,0,0,0,0,817,21,27
"11/10/2004","Wednesday",945,451,494,0,0,0,0,0,0,0,0,0,881,23,41
"11/9/2004","Tuesday",953,440,513,0,0,0,0,0,0,0,0,0,894,25,34
"11/8/2004","Monday",1045,494,551,0,0,0,0,0,0,0,0,0,980,23,42
"11/7/2004","Sunday",507,285,222,0,0,0,0,0,0,0,0,0,505,0,2
"11/6/2004","Saturday",434,212,222,0,0,0,0,0,0,0,0,0,428,0,6
"11/5/2004","Friday",622,299,323,0,0,0,0,0,0,0,0,0,589,15,18
"11/4/2004","Thursday",669,302,367,0,0,0,0,0,0,0,0,0,622,12,35
"11/3/2004","Wednesday",658,273,385,0,0,0,0,0,0,0,0,0,619,11,28
"11/2/2004","Tuesday",616,266,350,0,0,0,0,0,0,0,0,0,574,12,30
"11/1/2004","Monday",734,298,436,0,0,0,0,0,0,0,0,0,683,21,30
"10/31/2004","Sunday",220,112,108,0,0,0,0,0,0,0,0,0,219,0,1
"10/30/2004","Saturday",291,126,165,0,0,0,0,0,0,0,0,0,282,0,9
"10/29/2004","Friday",356,135,221,0,0,0,0,0,0,0,0,0,336,6,14
"10/28/2004","Thursday",452,176,276,0,0,0,0,0,0,0,0,0,415,11,26
"10/27/2004","Wednesday",489,169,320,0,0,0,0,0,0,0,0,0,448,23,18
"10/26/2004","Tuesday",531,105,426,0,0,0,0,0,0,0,0,0,464,34,33
"10/25/2004","Monday",552,103,449,0,0,0,0,0,0,0,0,0,498,32,22
"10/24/2004","Sunday",224,54,170,0,0,0,0,0,0,0,0,0,222,0,2
"10/23/2004","Saturday",223,37,186,0,0,0,0,0,0,0,0,0,221,0,2
"10/22/2004","Friday",354,65,289,0,0,0,0,0,0,0,0,0,320,21,13
"10/21/2004","Thursday",338,72,266,0,0,0,0,0,0,0,0,0,297,25,16
"10/20/2004","Wednesday",444,120,324,0,0,0,0,0,0,0,0,0,398,32,14
"10/19/2004","Tuesday",504,165,339,0,0,0,0,0,0,0,0,0,456,32,16
"10/18/2004","Monday",547,166,381,0,0,0,0,0,0,0,0,0,512,27,8
"10/17/2004","Sunday",249,89,160,0,0,0,0,0,0,0,0,0,248,0,1
"10/16/2004","Saturday",235,77,158,0,0,0,0,0,0,0,0,0,233,0,2
"10/15/2004","Friday",348,105,243,0,0,0,0,0,0,0,0,0,312,28,8
"10/14/2004","Thursday",359,97,262,0,0,0,0,0,0,0,0,0,325,22,12
"10/13/2004","Wednesday",419,116,303,0,0,0,0,0,0,0,0,0,358,48,13
"10/12/2004","Tuesday",437,181,256,0,0,0,0,0,0,0,0,0,405,20,12
"10/11/2004","Monday",461,158,303,0,0,0,0,0,0,0,0,0,414,37,10
"10/10/2004","Sunday",208,111,97,0,0,0,0,0,0,0,0,0,206,1,1
"10/9/2004","Saturday",200,85,115,0,0,0,0,0,0,0,0,0,199,0,1
"10/8/2004","Friday",264,97,167,0,0,0,0,0,0,0,0,0,228,30,6
"10/7/2004","Thursday",290,118,172,0,0,0,0,0,0,0,0,0,261,22,7
"10/6/2004","Wednesday",390,163,227,0,0,0,0,0,0,0,0,0,342,44,4
"10/5/2004","Tuesday",336,135,201,0,0,0,0,0,0,0,0,0,299,22,15
"10/4/2004","Monday",346,144,202,0,0,0,0,0,0,0,0,0,313,22,11
"10/3/2004","Sunday",164,80,84,0,0,0,0,0,0,0,0,0,162,0,2
"10/2/2004","Saturday",141,55,86,0,0,0,0,0,0,0,0,0,140,0,1
"10/1/2004","Friday",183,72,111,0,0,0,0,0,0,0,0,0,166,12,5
"9/30/2004","Thursday",197,80,117,0,0,0,0,0,0,0,0,0,168,26,3
"9/29/2004","Wednesday",253,123,130,0,0,0,0,0,0,0,0,0,214,36,3
"9/28/2004","Tuesday",237,97,140,0,0,0,0,0,0,0,0,0,195,32,10
"9/27/2004","Monday",213,92,121,0,0,0,0,0,0,0,0,0,183,28,2
"9/26/2004","Sunday",116,67,49,0,0,0,0,0,0,0,0,0,114,0,2
"9/25/2004","Saturday",89,55,34,0,0,0,0,0,0,0,0,0,88,0,1
"9/24/2004","Friday",169,82,87,0,0,0,0,0,0,0,0,0,137,27,5
"9/23/2004","Thursday",146,57,89,0,0,0,0,0,0,0,0,0,113,24,9
"9/22/2004","Wednesday",144,61,83,0,0,0,0,0,0,0,0,0,118,24,2
"9/21/2004","Tuesday",177,81,96,0,0,0,0,0,0,0,0,0,148,22,7
"9/20/2004","Monday",177,67,110,0,0,0,0,0,0,0,0,0,140,33,4
"9/19/2004","Sunday",57,40,17,0,0,0,0,0,0,0,0,0,56,0,1
"9/18/2004","Saturday",56,25,31,0,0,0,0,0,0,0,0,0,56,0,0
"9/17/2004","Friday",81,31,50,0,0,0,0,0,0,0,0,0,57,22,2
"9/16/2004","Thursday",113,39,74,0,0,0,0,0,0,0,0,0,82,28,3
"9/15/2004","Wednesday",87,48,39,0,0,0,0,0,0,0,0,0,68,18,1
"9/14/2004","Tuesday",213,61,152,0,0,0,0,0,0,0,0,0,99,113,1
"9/13/2004","Monday",143,56,87,0,0,0,0,0,0,0,0,0,94,49,0
"9/12/2004","Sunday",53,37,16,0,0,0,0,0,0,0,0,0,53,0,0
"9/11/2004","Saturday",30,19,11,0,0,0,0,0,0,0,0,0,30,0,0
"9/10/2004","Friday",44,27,17,0,0,0,0,0,0,0,0,0,44,0,0
"9/9/2004","Thursday",71,49,22,0,0,0,0,0,0,0,0,0,67,0,4
"9/8/2004","Wednesday",48,30,18,0,0,0,0,0,0,0,0,0,48,0,0
"9/7/2004","Tuesday",49,23,26,0,0,0,0,0,0,0,0,0,49,0,0
"9/6/2004","Monday",26,19,7,0,0,0,0,0,0,0,0,0,26,0,0
"9/5/2004","Sunday",8,7,1,0,0,0,0,0,0,0,0,0,8,0,0
"9/4/2004","Saturday",15,6,9,0,0,0,0,0,0,0,0,0,15,0,0
"9/3/2004","Friday",11,4,7,0,0,0,0,0,0,0,0,0,10,0,1
"9/2/2004","Thursday",21,17,4,0,0,0,0,0,0,0,0,0,21,0,0
"9/1/2004","Wednesday",20,15,5,0,0,0,0,0,0,0,0,0,20,0,0
"8/31/2004","Tuesday",26,17,9,0,0,0,0,0,0,0,0,0,26,0,0
"8/30/2004","Monday",31,15,16,0,0,0,0,0,0,0,0,0,31,0,0
"8/29/2004","Sunday",14,11,3,0,0,0,0,0,0,0,0,0,14,0,0
"8/28/2004","Saturday",22,14,8,0,0,0,0,0,0,0,0,0,22,0,0
"8/27/2004","Friday",10,3,7,0,0,0,0,0,0,0,0,0,10,0,0
"8/26/2004","Thursday",16,11,5,0,0,0,0,0,0,0,0,0,16,0,0
"8/25/2004","Wednesday",20,11,9,0,0,0,0,0,0,0,0,0,20,0,0
"8/24/2004","Tuesday",19,11,8,0,0,0,0,0,0,0,0,0,19,0,0
"8/23/2004","Monday",19,11,8,0,0,0,0,0,0,0,0,0,19,0,0
"8/22/2004","Sunday",9,6,3,0,0,0,0,0,0,0,0,0,9,0,0
"8/21/2004","Saturday",8,4,4,0,0,0,0,0,0,0,0,0,8,0,0
"8/20/2004","Friday",9,4,5,0,0,0,0,0,0,0,0,0,9,0,0
"8/19/2004","Thursday",12,6,6,0,0,0,0,0,0,0,0,0,12,0,0
"8/18/2004","Wednesday",8,4,4,0,0,0,0,0,0,0,0,0,8,0,0
"8/17/2004","Tuesday",11,7,4,0,0,0,0,0,0,0,0,0,11,0,0
"8/16/2004","Monday",19,12,7,0,0,0,0,0,0,0,0,0,19,0,0
"8/15/2004","Sunday",9,6,3,0,0,0,0,0,0,0,0,0,9,0,0
"8/14/2004","Saturday",1,1,0,0,0,0,0,0,0,0,0,0,1,0,0
"8/13/2004","Friday",8,4,4,0,0,0,0,0,0,0,0,0,8,0,0
"8/12/2004","Thursday",12,3,9,0,0,0,0,0,0,0,0,0,12,0,0
"8/11/2004","Wednesday",3,3,0,0,0,0,0,0,0,0,0,0,3,0,0
"8/10/2004","Tuesday",13,10,3,0,0,0,0,0,0,0,0,0,13,0,0
"8/9/2004","Monday",4,1,3,0,0,0,0,0,0,0,0,0,4,0,0
"8/8/2004","Sunday",4,3,1,0,0,0,0,0,0,0,0,0,4,0,0
"8/7/2004","Saturday",1,0,1,0,0,0,0,0,0,0,0,0,1,0,0
"8/6/2004","Friday",6,2,4,0,0,0,0,0,0,0,0,0,6,0,0
"8/5/2004","Thursday",5,4,1,0,0,0,0,0,0,0,0,0,5,0,0
"8/4/2004","Wednesday",5,1,4,0,0,0,0,0,0,0,0,0,5,0,0
"8/3/2004","Tuesday",7,1,6,0,0,0,0,0,0,0,0,0,3,0,4
"8/2/2004","Monday",7,4,3,0,0,0,0,0,0,0,0,0,7,0,0
"8/1/2004","Sunday",3,1,2,0,0,0,0,0,0,0,0,0,2,0,1
"7/30/2004","Friday",2,2,0,0,0,0,0,0,0,0,0,0,2,0,0
"7/29/2004","Thursday",1,0,1,0,0,0,0,0,0,0,0,0,1,0,0
"7/27/2004","Tuesday",1,0,1,0,0,0,0,0,0,0,0,0,1,0,0
"7/26/2004","Monday",2,2,0,0,0,0,0,0,0,0,0,0,2,0,0
"7/20/2004","Tuesday",5,3,2,0,0,0,0,0,0,0,0,0,5,0,0
"7/19/2004","Monday",1,1,0,0,0,0,0,0,0,0,0,0,1,0,0
"7/18/2004","Sunday",1,0,1,0,0,0,0,0,0,0,0,0,1,0,0
"7/12/2004","Monday",1,1,0,0,0,0,0,0,0,0,0,0,1,0,0
